scaffold	somatic_mean	germline_mean	mean_window	baseline	difference_mean
scaffold_1	0.47534755862636324	0.47907464120582843	96394.31863727455	0	-0.0037270825794651907
scaffold_1	0.4729967981110195	0.4721545693797806	294904.4749498998	0	0.0008422287312389032
scaffold_1	0.46901606268543966	0.46975323985379	548034.260521042	0	-0.0007371771683503114
scaffold_1	0.4778122211420715	0.4772997121417765	785471.0921843688	0	0.0005125090002949806
scaffold_1	0.48407502696873267	0.4761906885377952	976251.6633266533	0	0.007884338430937443
scaffold_1	0.4739453817470315	0.46895863943746235	1211323.8276553105	0	0.0049867423095691366
scaffold_1	0.48153880149197753	0.4738134669427848	1422943.6613226454	0	0.0077253345491927194
scaffold_1	0.47884919466781933	0.47738120874674017	1623164.8537074148	0	0.0014679859210791624
scaffold_1	0.4709013291347083	0.46764124646769634	1814666.5691382766	0	0.003260082667011943
scaffold_1	0.4836816854443949	0.47524095552848794	2037732.3887775552	0	0.008440729915906942
scaffold_1	0.4846784906073169	0.4711091815436983	2222579.753507014	0	0.013569309063618584
scaffold_1	0.48084933850007455	0.4766190198101144	2417183.01002004	0	0.004230318689960155
scaffold_1	0.4884311339615412	0.47599931911342264	2646082.486973948	0	0.01243181484811856
scaffold_1	0.4448017631551915	0.48066931865981954	2849866.9699398796	0	-0.03586755550462806
scaffold_1	0.4002823896938072	0.47592348560422476	3062844.993987976	0	-0.07564109591041757
scaffold_1	0.40992569357829295	0.4697225241479531	3259143.613226453	0	-0.059796830569660175
scaffold_1	0.38174375686209444	0.46701861777241827	3444743.382765531	0	-0.08527486091032382
scaffold_1	0.4106463651858097	0.4675106836215011	3612179.4589178357	0	-0.0568643184356914
scaffold_1	0.4006995299330442	0.4745349002084702	3782578.547094188	0	-0.07383537027542603
scaffold_1	0.40103989054512806	0.4710828625585966	4006796.8276553107	0	-0.07004297201346854
scaffold_1	0.3987197163065567	0.4643673011311225	4240080.573146293	0	-0.06564758482456579
scaffold_1	0.41042819852562973	0.479625639685166	4441556.346693386	0	-0.0691974411595363
scaffold_1	0.40740946058550015	0.4776415736482366	4652778.703406814	0	-0.07023211306273647
scaffold_1	0.40881886569359116	0.47760483509560464	4913998.336673346	0	-0.06878596940201348
scaffold_1	0.40931597119247465	0.47117860297834324	5234276.541082164	0	-0.061862631785868594
scaffold_1	0.39677066892052226	0.46534684186340247	5537833.01002004	0	-0.06857617294288021
scaffold_1	0.4060444012260533	0.4773938335463956	5857842.933867736	0	-0.0713494323203423
scaffold_1	0.4025326752404201	0.4686239800011933	6108163.877755511	0	-0.06609130476077324
scaffold_1	0.39058207846680715	0.4653115203328561	6361990.5290581165	0	-0.07472944186604896
scaffold_1	0.3985257066433476	0.4751666043223514	6535929.925851704	0	-0.07664089767900384
scaffold_1	0.40421857633527636	0.476474574269256	6750055.202404809	0	-0.07225599793397963
scaffold_1	0.39769645932238223	0.46646773194257707	6931203.555110221	0	-0.06877127262019483
scaffold_1	0.4151466807637308	0.4750733879577493	7131735.328657314	0	-0.05992670719401849
scaffold_1	0.41073784575386335	0.47661613592352575	7350907.673346694	0	-0.0658782901696624
scaffold_1	0.4036602140550717	0.47692690642166174	7562268.819639279	0	-0.07326669236659006
scaffold_1	0.3985460628222104	0.47389029259988524	7768067.124248497	0	-0.07534422977767485
scaffold_1	0.4051734573669541	0.4714418480037956	8038859.342685371	0	-0.06626839063684153
scaffold_1	0.4170334893502812	0.4707149141839827	8304917.5971943885	0	-0.05368142483370153
scaffold_1	0.40534154915198356	0.47215510737821587	8562070.705410821	0	-0.0668135582262323
scaffold_1	0.4317675023933923	0.469530428929918	8819550.496993989	0	-0.03776292653652569
scaffold_1	0.47939165575930454	0.4653845368239968	9060851.74749499	0	0.01400711893530776
scaffold_1	0.475281084538827	0.47214216411884274	9341078.370741483	0	0.003138920419984259
scaffold_1	0.4615286389330172	0.45933917481540826	9655684.713426854	0	0.0021894641176089524
scaffold_1	0.4788277188460355	0.4699370963171466	9989201.17234469	0	0.008890622528888892
scaffold_1	0.4843461842048712	0.4685902017543789	10228981.310621243	0	0.015755982450492312
scaffold_1	0.47606659581416566	0.4744020684155834	10523775.132264528	0	0.0016645273985822495
scaffold_1	0.4720111097538325	0.4640302584628051	10877259.364729458	0	0.00798085129102738
scaffold_1	0.46028095913433953	0.45532207746233555	11214909.93987976	0	0.0049588816720039786
scaffold_1	0.4687821810300439	0.4786254898152804	11464709.410821643	0	-0.009843308785236538
scaffold_1	0.47375283154775116	0.4742442721514853	11715407.843687374	0	-0.0004914406037341279
scaffold_1	0.48089996807348834	0.4775022198270408	11952576.18236473	0	0.003397748246447563
scaffold_1	0.4785260893303914	0.4773618322163197	12222607.286573146	0	0.0011642571140716984
scaffold_1	0.4632385744602462	0.455835149342604	12493564.210420841	0	0.007403425117642193
scaffold_1	0.46342415721871044	0.462202721024777	12780395.719438877	0	0.001221436193933445
scaffold_1	0.46658103207797186	0.4654507694032022	13082610.126252506	0	0.0011302626747696776
scaffold_1	0.46945734657644494	0.47473643541812416	13400261.927855711	0	-0.005279088841679214
scaffold_1	0.47162213592712693	0.4737399661949241	13756355.701402806	0	-0.0021178302677971605
scaffold_1	0.4577501215014276	0.4586259269600331	14155229.917835671	0	-0.0008758054586055497
scaffold_1	0.4767604636919696	0.4737648621303535	14572029.134268537	0	0.0029956015616161014
scaffold_1	0.4699300061345616	0.47307217882202934	14994947.370741483	0	-0.003142172687467748
scaffold_1	0.46985006091802517	0.4700165485700416	15382496.803607214	0	-0.00016648765201643378
scaffold_1	0.467298050911685	0.46471306862054623	15785516.77755511	0	0.002584982291138793
scaffold_1	0.45963051028511165	0.4643115479914541	16199896.933867736	0	-0.004681037706342428
scaffold_1	0.4631380079208137	0.4632062184721324	16647779.478957916	0	-6.821055131867038e-05
scaffold_1	0.46861751880982194	0.4632283649188412	17190961.276553106	0	0.005389153890980769
scaffold_1	0.45125878066927	0.4492163962208201	17760735.168336675	0	0.0020423844484498965
scaffold_1	0.4430025076223379	0.44709189898966606	19953050.55310621	0	-0.004089391367328166
scaffold_1	0.45310564735233627	0.45535742682889185	22126791.38476954	0	-0.002251779476555582
scaffold_1	0.46466942654867094	0.4639385612473762	22793894.290581163	0	0.0007308653012947364
scaffold_1	0.4645342306008334	0.4562458360825654	23389110.03807615	0	0.00828839451826796
scaffold_1	0.4607195725482865	0.44957578510756663	23905106.60521042	0	0.011143787440719866
scaffold_1	0.46199327882799723	0.4645675132560435	24356495.13226453	0	-0.0025742344280462737
scaffold_1	0.47098369093782744	0.4788078360412216	24628668.43486974	0	-0.007824145103394187
scaffold_1	0.46765961159618574	0.4709975401019913	25048183.36272545	0	-0.003337928505805554
scaffold_1	0.4607515270206483	0.4677773569598183	25646267.915831663	0	-0.007025829939170003
scaffold_1	0.47484288159692933	0.4733305110396594	26035297.611222446	0	0.0015123705572699375
scaffold_1	0.47200691576106607	0.4746174688728759	26333307.08216433	0	-0.0026105531118098546
scaffold_1	0.4509819897696454	0.45983026599400406	26804788.589178357	0	-0.008848276224358687
scaffold_1	0.46992460105816153	0.4705322479073727	27217581.99198397	0	-0.0006076468492111631
scaffold_1	0.46354687707542175	0.4637937910108319	27599387.58517034	0	-0.0002469139354101535
scaffold_1	0.4728912501949264	0.47033567392114906	28031767.428857714	0	0.002555576273777338
scaffold_1	0.4802001335644093	0.47980954007646154	28396355.084168337	0	0.0003905934879477879
scaffold_1	0.457331686345754	0.4732764855038636	28752737.106212426	0	-0.01594479915810959
scaffold_1	0.47617937648199316	0.4680931245552156	29095047.925851703	0	0.008086251926777532
scaffold_1	0.4840288480286734	0.4810038026395223	29359219.034068137	0	0.003025045389151104
scaffold_1	0.4690696514232125	0.46751809440267555	29610846.430861723	0	0.0015515570205369422
scaffold_1	0.45017924987752966	0.4573807683605579	30060974.114228457	0	-0.007201518483028246
scaffold_1	0.4569724561080899	0.4559176493646684	30864955.05811623	0	0.0010548067434215103
scaffold_1	0.4742130835599914	0.48185728793724075	31471970.48296593	0	-0.007644204377249331
scaffold_1	0.436314757753517	0.43546385850043573	32035946.851703405	0	0.0008508992530812942
scaffold_1	0.457715421836405	0.4554974803335813	32581401.096192386	0	0.002217941502823728
scaffold_1	0.45293877975884156	0.4554543238742698	33003207.657276995	0	-0.0025155441154282587
scaffold_2	0.4650671075197017	0.4608641055570251	182092.7014028056	0	0.004203001962676589
scaffold_2	0.4669336687573067	0.47167077584445416	520715.61523046094	0	-0.004737107087147474
scaffold_2	0.4593899518829298	0.4620486884767191	885069.633266533	0	-0.0026587365937892904
scaffold_2	0.4733686810392539	0.4727061392508846	1387542.75751503	0	0.0006625417883692752
scaffold_2	0.46628256727845435	0.4662709956639589	1822899.8496993987	0	1.1571614495442528e-05
scaffold_2	0.4757751681426203	0.47524324346557373	2225476.7114228457	0	0.0005319246770465469
scaffold_2	0.4727253965244859	0.4714322885261391	2594994.02004008	0	0.0012931079983468097
scaffold_2	0.47146187304740306	0.46507603386460394	2935415.1943887775	0	0.0063858391827991134
scaffold_2	0.46732541726999643	0.45657510480665386	3290150.635270541	0	0.01075031246334257
scaffold_2	0.46856749514423884	0.4574623518848834	3733465.1563126254	0	0.011105143259355466
scaffold_2	0.4796288844947465	0.47430545260731216	4226540.543086172	0	0.005323431887434338
scaffold_2	0.48124767709823535	0.4778039318831428	4717365.4749499	0	0.003443745215092553
scaffold_2	0.4777779635232313	0.48629632777396137	7518818.659318637	0	-0.008518364250730048
scaffold_2	0.4569108496803803	0.46477697740404234	8133886.697394789	0	-0.00786612772366202
scaffold_2	0.4453570739661081	0.4454763276726782	9183837.68737475	0	-0.00011925370657012158
scaffold_2	0.4564544352218158	0.45506556558853195	9942290.629258517	0	0.001388869633283829
scaffold_2	0.4579798939401132	0.45893774218930244	10671650.032064129	0	-0.0009578482491892637
scaffold_2	0.4614582893911432	0.45078030228479327	11422418.96993988	0	0.010677987106349929
scaffold_2	0.4713108807319509	0.4664341733293444	12065868.384769538	0	0.004876707402606484
scaffold_2	0.47848647701799013	0.47623617085650927	12424634.012024049	0	0.002250306161480864
scaffold_2	0.46681216134216713	0.47823745579124566	12697259.114228457	0	-0.011425294449078527
scaffold_2	0.4639182069896999	0.4741960740668179	12970773.102204408	0	-0.01027786707711803
scaffold_2	0.47893934425726786	0.47577130291476166	13324733.024048096	0	0.0031680413425062004
scaffold_2	0.4679915969080843	0.47597453996985695	13622316.326653307	0	-0.007982943061772663
scaffold_2	0.4671720847687204	0.46363570159975154	13924441.673346693	0	0.0035363831689688707
scaffold_2	0.46881545223831966	0.47066241884939236	14296500.356713427	0	-0.0018469666110726979
scaffold_2	0.468187277772317	0.4750807785355959	14586229.21242485	0	-0.006893500763278881
scaffold_2	0.47037363014582584	0.4722159533937149	14854217.691382766	0	-0.0018423232478890772
scaffold_2	0.46348868569198043	0.46890261856773985	15102611.348697394	0	-0.00541393287575942
scaffold_2	0.47435107799601667	0.4803927922398386	15377518.006012024	0	-0.0060417142438219384
scaffold_2	0.46694571826433495	0.477851997093731	15625680.028056113	0	-0.010906278829396043
scaffold_2	0.47697630011860787	0.4734668228751013	15843480.442885771	0	0.003509477243506587
scaffold_2	0.4758251089135068	0.4793150569280499	16069138.164328657	0	-0.003489948014543054
scaffold_2	0.4807224212883357	0.4751105799608985	16278770.751503006	0	0.005611841327437195
scaffold_2	0.48426360055133927	0.48316549052513785	16499050.01002004	0	0.0010981100262014154
scaffold_2	0.4730431342710332	0.47216284501458794	16732286.723446894	0	0.000880289256445288
scaffold_2	0.4619748941365826	0.47243357839608374	17000865.781563126	0	-0.010458684259501139
scaffold_2	0.4708822981796216	0.4716921781376532	17247224.745490983	0	-0.0008098799580316118
scaffold_2	0.493342413330733	0.47647045870210214	17512933.809619237	0	0.016871954628630836
scaffold_2	0.48220286070987306	0.48161330046705936	17708040.45290581	0	0.0005895602428137026
scaffold_2	0.481486529718286	0.4736306784621894	18013116.460921843	0	0.007855851256096558
scaffold_2	0.4771647460650872	0.47920065952715235	18332604.36272545	0	-0.002035913462065164
scaffold_2	0.4910425514305732	0.47811225199234697	18545826.985971943	0	0.012930299438226212
scaffold_2	0.48392159698187004	0.4808736438252867	18749916.31262525	0	0.0030479531565833495
scaffold_2	0.4536022527356586	0.4494254718172321	18946708.521042082	0	0.004176780918426493
scaffold_2	0.48123360045923314	0.46994093579504265	19141574.44488978	0	0.011292664664190488
scaffold_2	0.47443971105799776	0.475459690289265	19266940.426229507	0	-0.0010199792312672318
scaffold_3	0.4755294794864454	0.4799064368327502	92954.81763527053	0	-0.004376957346304777
scaffold_3	0.4777607801276479	0.4862124405405484	294138.7975951904	0	-0.008451660412900519
scaffold_3	0.4807442787206145	0.487965159296569	501712.8637274549	0	-0.007220880575954491
scaffold_3	0.4740882938137928	0.47832901703287495	727197.749498998	0	-0.004240723219082143
scaffold_3	0.4776914856071307	0.4849523592346494	1011616.6172344689	0	-0.007260873627518705
scaffold_3	0.4747021206661251	0.48470998081827504	1254375.1543086173	0	-0.010007860152149939
scaffold_3	0.4744312633271549	0.48628344316999655	1487937.368737475	0	-0.011852179842841648
scaffold_3	0.4782105082144066	0.483429990607011	1716298.4569138277	0	-0.005219482392604391
scaffold_3	0.4744445207154724	0.4782510568931521	1955632.509018036	0	-0.0038065361776797313
scaffold_3	0.47463528410427996	0.4854820954527556	2205144.2545090183	0	-0.010846811348475649
scaffold_3	0.461361683229532	0.4764867901798002	2455022.5751503007	0	-0.015125106950268197
scaffold_3	0.47078880503847814	0.482616890676551	2731847.5751503007	0	-0.01182808563807286
scaffold_3	0.4696634728990594	0.4823089139172835	2963589.228456914	0	-0.012645441018224068
scaffold_3	0.48355370711139717	0.47802384081035726	3174037.2184368735	0	0.00552986630103991
scaffold_3	0.47536028697932525	0.4813115051936896	3357690.3126252503	0	-0.00595121821436434
scaffold_3	0.47772960047603746	0.481909207800362	3547172.48496994	0	-0.004179607324324541
scaffold_3	0.4755167448080227	0.48852426446103103	3797447.134268537	0	-0.013007519653008337
scaffold_3	0.47532632154345494	0.47676378627472465	4020699.7595190383	0	-0.0014374647312697109
scaffold_3	0.4889428973582626	0.48522407050013466	4253232.350701403	0	0.0037188268581279105
scaffold_3	0.4727750373759504	0.47722199510750624	4501487.49498998	0	-0.004446957731555845
scaffold_3	0.4851961753696276	0.4757536102787432	4746401.304609219	0	0.009442565090884425
scaffold_3	0.47010764518093867	0.4749024225915894	4952592.681362726	0	-0.004794777410650708
scaffold_3	0.4862628953080879	0.4810667223545089	5129111.795591182	0	0.0051961729535789924
scaffold_3	0.48760087963733967	0.48179149135958665	5315426.448897796	0	0.005809388277753014
scaffold_3	0.4813331858625107	0.4805236246748856	5536143.795591182	0	0.0008095611876251518
scaffold_3	0.47674425437641854	0.47754908905274696	5772705.703406814	0	-0.0008048346763284142
scaffold_3	0.4693355235151209	0.4861895227916431	6021979.444889779	0	-0.016853999276522202
scaffold_3	0.4716863020428096	0.4830883559575799	6244848.9759519035	0	-0.011402053914770283
scaffold_3	0.481869315653404	0.48310322677289225	6459397.374749499	0	-0.001233911119488229
scaffold_3	0.4798005892886937	0.4746497637622217	6706638.595190381	0	0.005150825526472003
scaffold_3	0.4656959211136159	0.4739492781748375	6966527.845691383	0	-0.0082533570612216
scaffold_3	0.48395953042556045	0.47386997005150794	7237162.142284569	0	0.010089560374052509
scaffold_3	0.4749329639358975	0.482595575053519	7477746.4809619235	0	-0.0076626111176215095
scaffold_3	0.47944240723220927	0.48575582352787433	7702473.120240481	0	-0.006313416295665064
scaffold_3	0.4779814880417282	0.4796441088645534	7945443.549098196	0	-0.0016626208228252004
scaffold_3	0.48177864159989864	0.48930318797266864	8200073.428857716	0	-0.007524546372770002
scaffold_3	0.4871276013714777	0.48274452595540596	8442952.563126253	0	0.004383075416071747
scaffold_3	0.49197283861693697	0.4885452269093886	8697134.200400801	0	0.0034276117075483503
scaffold_3	0.47411232984366636	0.47652612327079985	8965181.70741483	0	-0.0024137934271334927
scaffold_3	0.46506521765865805	0.4812240517362362	9267051.723446894	0	-0.016158834077578177
scaffold_3	0.47252600040311443	0.48102421910233023	9503440.741482966	0	-0.008498218699215798
scaffold_3	0.477163186484817	0.47814133420765736	9845242.064128257	0	-0.0009781477228403834
scaffold_3	0.46962245532450053	0.47497094971423404	10199175.390781563	0	-0.005348494389733505
scaffold_3	0.47089231587499064	0.4765918165386244	10674523.472945891	0	-0.005699500663633783
scaffold_3	0.4770372114138031	0.4729554876518033	11169600.340681363	0	0.004081723761999834
scaffold_3	0.47501462786254284	0.4615108874043371	11715703.715430861	0	0.013503740458205737
scaffold_3	0.47614518452653193	0.47306964779258526	12242179.078156313	0	0.003075536733946671
scaffold_3	0.4560379904870018	0.47179006091389414	13084369.92985972	0	-0.01575207042689236
scaffold_3	0.47211682512522746	0.46813345286853725	13549611.805611223	0	0.00398337225669021
scaffold_3	0.4305875232043861	0.44146791776540995	14085690.44488978	0	-0.010880394561023854
scaffold_3	0.45013399124713127	0.45182107841939545	14732802.645290582	0	-0.001687087172264179
scaffold_3	0.4362023624685582	0.43765153110120203	16377951.340681363	0	-0.001449168632643827
scaffold_3	0.4384951820301142	0.44271801732357036	18069985.99198397	0	-0.004222835293456184
scaffold_3	0.45737292759715564	0.46147200024983953	18528169.58517034	0	-0.004099072652683888
scaffold_3	0.46422806658105964	0.467823617300617	19026335.799599197	0	-0.003595550719557361
scaffold_3	0.4651317330007353	0.46519599234851206	19605890.26252505	0	-6.425934777676279e-05
scaffold_3	0.4514729975768045	0.45583624267959455	20141177.90981964	0	-0.00436324510279007
scaffold_3	0.484220435663943	0.47890223423635997	20584156.11222445	0	0.005318201427583047
scaffold_3	0.46179326235985346	0.47169100787322665	20984181.845691383	0	-0.00989774551337319
scaffold_3	0.4684801691172573	0.46452252949273054	21448754.79759519	0	0.003957639624526776
scaffold_3	0.466687965370099	0.47475882048903517	21874802.41482966	0	-0.008070855118936182
scaffold_3	0.46496289651001843	0.47680143643697553	22177175.91783567	0	-0.011838539926957103
scaffold_3	0.4681918472054025	0.4723750790072077	22533927.410821643	0	-0.004183231801805187
scaffold_3	0.47161263172505236	0.4785288791270599	22965334.903807614	0	-0.006916247402007525
scaffold_3	0.46667521958736974	0.46437184363894823	23431387.240480963	0	0.0023033759484215044
scaffold_3	0.466341611632198	0.46628755933228155	23837901.39679359	0	5.405229991645166e-05
scaffold_3	0.4643629804832504	0.46195321415295687	24107343.73262032	0	0.00240976633029355
scaffold_4	0.47676472315204765	0.4781721731979115	192409.2004008016	0	-0.001407450045863845
scaffold_4	0.4668369076008783	0.4811484443703268	456454.4488977956	0	-0.014311536769448463
scaffold_4	0.47341836811899546	0.4760983825467252	809769.0781563126	0	-0.002680014427729749
scaffold_4	0.46494936566114964	0.4603838360111579	1200461.394789579	0	0.00456552964999174
scaffold_4	0.4688590178861077	0.47939722291815096	1744070.2024048097	0	-0.01053820503204328
scaffold_4	0.47766650367514146	0.47446202224058565	2184198.615230461	0	0.003204481434555817
scaffold_4	0.46595698298985877	0.4746155486311404	2729522.470941884	0	-0.008658565641281646
scaffold_4	0.44746152233684516	0.4539058013540639	3170613.991983968	0	-0.006444279017218724
scaffold_4	0.47003735240829464	0.4749724598982277	3636730.1923847697	0	-0.004935107489933033
scaffold_4	0.4628790983277048	0.46461230217008226	4118061.5651302603	0	-0.001733203842377462
scaffold_4	0.4549678145380947	0.46502005744111075	4633235.589178356	0	-0.01005224290301604
scaffold_4	0.4490897408414652	0.4462562616018604	5149715.350701403	0	0.002833479239604808
scaffold_4	0.4502566055605139	0.4640969461158544	5697925.773547094	0	-0.013840340555340502
scaffold_4	0.44718074547303516	0.46453831507378374	6194236.929859719	0	-0.01735756960074858
scaffold_4	0.4508319544168961	0.4685905374905907	6787189.170340681	0	-0.0177585830736946
scaffold_4	0.4474617906359284	0.44421373607637665	9502076.45490982	0	0.0032480545595517385
scaffold_4	0.4566677595788582	0.47346070593079287	10298861.775551103	0	-0.01679294635193468
scaffold_4	0.45682511139735055	0.467116236751155	10853775.985971944	0	-0.010291125353804442
scaffold_4	0.4666420067432405	0.47299150747167257	11382039.334669339	0	-0.006349500728432045
scaffold_4	0.46970325449394024	0.4833379115601418	11861555.066132264	0	-0.013634657066201539
scaffold_4	0.46973324543472733	0.4774788643252022	12359463.739478959	0	-0.00774561889047487
scaffold_4	0.46488631058300445	0.47472265160866806	12974812.100200402	0	-0.009836341025663609
scaffold_4	0.46467203837198723	0.4712037299656506	13496521.106212424	0	-0.006531691593663347
scaffold_4	0.4674330505360675	0.479837310555934	13874542.018036073	0	-0.012404260019866498
scaffold_4	0.4744727352831491	0.4952753370090494	14267412.196392786	0	-0.020802601725900316
scaffold_4	0.47117107877794956	0.48114710907249564	14658541.523046093	0	-0.009976030294546079
scaffold_4	0.48272674242824737	0.49250443013846096	14964118.420841683	0	-0.00977768771021359
scaffold_4	0.47558855488449264	0.4870873045823982	15205973.144288577	0	-0.011498749697905541
scaffold_4	0.4764125319834336	0.4906629132773844	15489163.44488978	0	-0.014250381293950842
scaffold_4	0.4765095629151193	0.4864506929144223	15730189.132264528	0	-0.009941129999302967
scaffold_4	0.4792014308155268	0.4869883452602955	15956881.739478959	0	-0.0077869144447687
scaffold_4	0.4677918735777124	0.48498061441089174	16210253.537074149	0	-0.01718874083317934
scaffold_4	0.4861937575325883	0.4880968441631925	16459459.108216433	0	-0.0019030866306041783
scaffold_4	0.4689341922475776	0.48395220141308215	16679276.507014029	0	-0.015018009165504553
scaffold_4	0.4669111790134037	0.4792449044776318	16907419.498997997	0	-0.012333725464228118
scaffold_4	0.4728280843426357	0.49391930789705774	17185806.244488977	0	-0.021091223554422056
scaffold_4	0.4884835495785032	0.48670745310099683	17465996.775551103	0	0.0017760964775063726
scaffold_4	0.4765440377773601	0.4848329030054724	17792334.39478958	0	-0.008288865228112285
scaffold_4	0.48236897681083835	0.4890260040404416	18285361.769539077	0	-0.006657027229603263
scaffold_4	0.46848511315769253	0.4726530663111482	18688163.8997996	0	-0.004167953153455639
scaffold_4	0.4829006692558028	0.4814373718821437	18992986.49498998	0	0.0014632973736590782
scaffold_4	0.4775662206235648	0.47835815790458347	19308686.18236473	0	-0.0007919372810186731
scaffold_4	0.47521249634850626	0.4794217380072465	19675443.358717434	0	-0.004209241658740259
scaffold_4	0.4732225413898458	0.4859303449149095	19937417.725450903	0	-0.012707803525063677
scaffold_4	0.48025320883525674	0.4782034692841547	20171354.629258517	0	0.0020497395511020478
scaffold_4	0.4667425529359039	0.4689057906691383	20485011.480961923	0	-0.002163237733234402
scaffold_4	0.47364404294899354	0.4835573782143074	20698530.75751503	0	-0.00991333526531385
scaffold_4	0.4823140245129772	0.49138550614576054	20954908.478957918	0	-0.009071481632783318
scaffold_4	0.4742600761653098	0.47986255274321415	21218673.56513026	0	-0.005602476577904358
scaffold_4	0.479020349042948	0.48477312485776375	21471133.853707414	0	-0.005752775814815758
scaffold_4	0.4648080203879639	0.4699668773154038	21757106.188376755	0	-0.005158856927439892
scaffold_4	0.47533944681580803	0.47933709132078517	22042997.410821643	0	-0.003997644504977138
scaffold_4	0.4805669150968086	0.4896491995646039	22286773.07214429	0	-0.009082284467795299
scaffold_4	0.47177667392450723	0.48062699021659544	22504769.3747495	0	-0.008850316292088212
scaffold_4	0.4823244030858808	0.48934518956399686	22810144.49298597	0	-0.007020786478116048
scaffold_4	0.4667484719816785	0.47942940413012786	23069273.699398797	0	-0.012680932148449342
scaffold_4	0.49051558827408015	0.4798012159492406	23256605.526170798	0	0.010714372324839572
scaffold_5	0.46678634293725413	0.4734450907892754	131285.36873747496	0	-0.006658747852021252
scaffold_5	0.4753620470322496	0.4782085045495617	444041.1462925852	0	-0.0028464575173121065
scaffold_5	0.4821316701224382	0.479781178730646	836418.5731462926	0	0.0023504913917921644
scaffold_5	0.46108672325078126	0.4724052770261567	1575849.5611222445	0	-0.01131855377537544
scaffold_5	0.47068814862094077	0.46374285210380356	2036897.2304609218	0	0.006945296517137212
scaffold_5	0.4690650573330253	0.47563519572733076	2508872.378757515	0	-0.00657013839430548
scaffold_5	0.4637997883722917	0.4865479798596695	2882181.611222445	0	-0.022748191487377833
scaffold_5	0.457221955978701	0.4672419155045066	3263874.032064128	0	-0.010019959525805588
scaffold_5	0.48180857098838953	0.48248786613510525	3715871.4408817636	0	-0.0006792951467157193
scaffold_5	0.4694403547059865	0.4751014734839518	4151143.881763527	0	-0.005661118777965324
scaffold_5	0.46607584316834294	0.4761735244659103	4718265.256513026	0	-0.010097681297567385
scaffold_5	0.4542719393447614	0.4611168219327004	5295805.110220441	0	-0.006844882587939027
scaffold_5	0.451372433724532	0.4522002847498323	5905163.422845691	0	-0.000827851025300308
scaffold_5	0.4511987306931965	0.46304394569459095	6800307.797595191	0	-0.01184521500139446
scaffold_5	0.4267484283668288	0.4349707784951042	9321661.83767535	0	-0.00822235012827538
scaffold_5	0.4684053184309631	0.47635581098498897	10078160.781563126	0	-0.007950492554025856
scaffold_5	0.48030509887007133	0.4798767714539032	10596140.02004008	0	0.0004283274161681616
scaffold_5	0.4524778167477866	0.46028269718620324	11137201.719438877	0	-0.00780488043841665
scaffold_5	0.4697966673842451	0.48871720257354595	11666947.284569139	0	-0.01892053518930087
scaffold_5	0.45699787379992507	0.4871114936358081	12090762.476953907	0	-0.03011361983588301
scaffold_5	0.4572456647497275	0.4834849299373606	12506830.352705412	0	-0.026239265187633087
scaffold_5	0.47066049752248956	0.48372421673568805	12915539.044088176	0	-0.013063719213198488
scaffold_5	0.4728032774035669	0.48193759936957487	13273651.392785572	0	-0.009134321966007941
scaffold_5	0.4800720416077894	0.4972749697670029	13579593.533066133	0	-0.017202928159213537
scaffold_5	0.4886657386385003	0.5059530518866047	13836092.78757515	0	-0.01728731324810434
scaffold_5	0.45339437456332654	0.4900294669006534	14171013.012024049	0	-0.03663509233732687
scaffold_5	0.46046633671366277	0.478460430109778	14592585.034068136	0	-0.01799409339611524
scaffold_5	0.4803280174361027	0.49214767156697564	14975147.527054109	0	-0.011819654130872936
scaffold_5	0.486347213047357	0.49696066567698716	15302505.24248497	0	-0.010613452629630149
scaffold_5	0.4827856375878276	0.505154072293027	15593033.77755511	0	-0.02236843470519939
scaffold_5	0.48672494259003585	0.5077150959057533	15836013.625250502	0	-0.020990153315717408
scaffold_5	0.47171965498024976	0.4928447809836386	16052611.392785572	0	-0.02112512600338884
scaffold_5	0.4644735501214015	0.4905335214679415	16327531.394789578	0	-0.02605997134653998
scaffold_5	0.4730328453488271	0.4899122802985971	16560277.496993989	0	-0.01687943494977001
scaffold_5	0.4748491440358527	0.4954298626564348	16771547.216432866	0	-0.020580718620582084
scaffold_5	0.47870036464385707	0.49559289052694144	16992443.00801603	0	-0.016892525883084375
scaffold_5	0.47781580479343216	0.5010149505821756	17205871.871743485	0	-0.023199145788743436
scaffold_5	0.467510943783831	0.49524075829352704	17431831.789579157	0	-0.027729814509696027
scaffold_5	0.47962506679078304	0.4948640969154296	17698939.07014028	0	-0.015239030124646558
scaffold_5	0.47644338204406356	0.49123783830860596	17940379.48496994	0	-0.0147944562645424
scaffold_5	0.48332378281232985	0.495184530583849	18208355.05811623	0	-0.011860747771519131
scaffold_5	0.4879662522061597	0.49940019089528864	18457660.43486974	0	-0.011433938689128953
scaffold_5	0.47610452436372214	0.4879270952486631	18685431.92985972	0	-0.011822570884940986
scaffold_5	0.48779475617108664	0.49062575277786946	18944832.248496994	0	-0.0028309966067828207
scaffold_5	0.47894846544200814	0.5008069408885887	19191373.89779559	0	-0.02185847544658054
scaffold_5	0.476509740024695	0.4895378688809234	19459150.138276555	0	-0.013028128856228394
scaffold_5	0.47557511159167015	0.49235025312729175	19721415.336673345	0	-0.016775141535621596
scaffold_5	0.47948902853139896	0.49014961417854847	20000083.46292585	0	-0.0106605856471495
scaffold_5	0.47969334746086423	0.49855283581254056	20218279.741482966	0	-0.018859488351676335
scaffold_5	0.46325432241904474	0.49681403650695133	20523134.501002003	0	-0.03355971408790659
scaffold_5	0.46873296330688796	0.4705653348497516	20837659.178356715	0	-0.0018323715428636422
scaffold_5	0.47046959270764566	0.4878243744719495	21060042.200400803	0	-0.017354781764303828
scaffold_5	0.48521121151468516	0.5103130905323185	21189006.518672198	0	-0.02510187901763339
scaffold_6	0.4661946677658789	0.46965417220285277	100617.44288577154	0	-0.003459504436973848
scaffold_6	0.4710016864911044	0.46866882560586737	306793.99198396795	0	0.0023328608852370425
scaffold_6	0.4717620979571104	0.46779775542337054	538956.248496994	0	0.00396434253373984
scaffold_6	0.4765904180976845	0.4612122083941862	778117.5410821643	0	0.015378209703498291
scaffold_6	0.48102124426331677	0.47270321182634334	1004863.5611222445	0	0.008318032436973433
scaffold_6	0.4774984750139789	0.4743744916847198	1264252.8376753507	0	0.003123983329259117
scaffold_6	0.47548987562127243	0.48712837201370107	1484839.0521042084	0	-0.011638496392428643
scaffold_6	0.4752663513968671	0.4700712799712452	1704375.0681362725	0	0.005195071425621922
scaffold_6	0.47750291762762204	0.475946991718972	1974304.871743487	0	0.0015559259086500576
scaffold_6	0.46498061459000023	0.4698880641874942	2187308.9238476953	0	-0.004907449597493951
scaffold_6	0.47945204840318956	0.46764192579110203	2407642.855711423	0	0.011810122612087526
scaffold_6	0.47977223849256634	0.4795064689918581	2623702.635270541	0	0.0002657695007082239
scaffold_6	0.47355240329717463	0.47190674169282787	2852857.4228456914	0	0.0016456616043467598
scaffold_6	0.46321256780775044	0.47337029011000314	3071012.639278557	0	-0.010157722302252703
scaffold_6	0.46763189294960855	0.4640751158151953	3339432.5511022042	0	0.0035567771344132693
scaffold_6	0.46865043768067327	0.4638842285581864	3663627.388777555	0	0.004766209122486875
scaffold_6	0.47923593442937734	0.4782422534101121	3860301.346693387	0	0.0009936810192652246
scaffold_6	0.4653667769739822	0.47280937596668654	4108366.6713426854	0	-0.00744259899270433
scaffold_6	0.4823128432505292	0.4723184006307882	4306648.372745491	0	0.009994442619740973
scaffold_6	0.4718771438167902	0.4721158079721271	4517817.895791583	0	-0.00023866415533690954
scaffold_6	0.48577134897705315	0.4768638160602415	4755024.390781563	0	0.008907532916811678
scaffold_6	0.47906308498710953	0.48125080619174715	4976715.326653306	0	-0.002187721204637616
scaffold_6	0.4816514363430553	0.4821896180928841	5231571.2765531065	0	-0.0005381817498287811
scaffold_6	0.48337058775359215	0.48294233910655354	5442454.208416834	0	0.0004282486470386093
scaffold_6	0.48205508297865	0.47799635542993374	5606715.941883768	0	0.004058727548716279
scaffold_6	0.48434367280781165	0.4817945429634438	5818841.312625251	0	0.0025491298443678367
scaffold_6	0.46782343286360584	0.4722196091884099	6048852.382765531	0	-0.004396176324804046
scaffold_6	0.47700597186617694	0.47045328786586343	6288514.038076152	0	0.006552684000313502
scaffold_6	0.47648206873197696	0.47008895919278443	6486627.595190381	0	0.006393109539192532
scaffold_6	0.46356952115728656	0.468045816340061	6693176.951903808	0	-0.004476295182774426
scaffold_6	0.47769819842206007	0.47511762395662027	6920030.589178356	0	0.0025805744654398
scaffold_6	0.48206482661863925	0.4798955092655477	7183852.8496993985	0	0.00216931735309156
scaffold_6	0.482284906977948	0.4655483153246103	7447000.29258517	0	0.01673659165333774
scaffold_6	0.46385484454585235	0.46665449583162016	7699896.657314629	0	-0.0027996512857678124
scaffold_6	0.4747548682900901	0.47636194072741783	7911039.132264529	0	-0.0016070724373277168
scaffold_6	0.46971023695850833	0.46794589958176425	8176741.49498998	0	0.001764337376744085
scaffold_6	0.4639753427913389	0.47254867283071883	8369182.454909819	0	-0.008573330039379934
scaffold_6	0.4815901956231768	0.48257490713549467	8602248.803607214	0	-0.0009847115123178818
scaffold_6	0.48221031995496094	0.4810294895165733	8826171.300601203	0	0.0011808304383876256
scaffold_6	0.47632170940831287	0.46227151245308756	9054005.382765532	0	0.014050196955225303
scaffold_6	0.4725655616240046	0.47398306003820856	9365256.903807616	0	-0.001417498414203966
scaffold_6	0.47065472906986683	0.4712980741400914	9686720.665330661	0	-0.0006433450702245658
scaffold_6	0.4665668342698162	0.47528216537915785	9996270.360721443	0	-0.00871533110934164
scaffold_6	0.4693291719933764	0.4622415417796622	10268794.330661323	0	0.007087630213714224
scaffold_6	0.46779958170038327	0.45622823562525344	10600559.971943887	0	0.01157134607512983
scaffold_6	0.4815698427993648	0.4735621618754254	10926148.064128257	0	0.008007680923939442
scaffold_6	0.4909873516926986	0.4815352406511312	11312753.032064129	0	0.009452111041567401
scaffold_6	0.475323109613632	0.4746962953872827	11731250.881763527	0	0.0006268142263493037
scaffold_6	0.469107992752936	0.46461406737062794	12156877.51503006	0	0.004493925382308084
scaffold_6	0.4607080229999076	0.4602869818757228	12583421.338677354	0	0.00042104112418478445
scaffold_6	0.4560131761686672	0.46528297115358924	12991354.340681363	0	-0.00926979498492203
scaffold_6	0.44757891157049884	0.44450974603456245	13550889.024048096	0	0.003069165535936391
scaffold_6	0.45684228645247943	0.4613001028495404	14218637.751503006	0	-0.0044578163970609985
scaffold_6	0.4352101291789715	0.42965030905416174	16853088.805611223	0	0.005559820124809767
scaffold_6	0.4676328806679218	0.4509662646704535	18056532.14228457	0	0.016666615997468326
scaffold_6	0.4525708313741664	0.445082601162356	18660506.216432866	0	0.007488230211810443
scaffold_6	0.47420008912029277	0.46154998159004107	19135825.67735471	0	0.012650107530251697
scaffold_6	0.4688328327793869	0.4673149409770601	19625664.845691383	0	0.0015178918023268095
scaffold_6	0.463031060569761	0.45978790612237175	20064081.268537074	0	0.0032431544473892626
scaffold_6	0.4640502535026457	0.4630009460125836	20471584.024048097	0	0.0010493074900621013
scaffold_6	0.4794681736337153	0.4765001958620102	20890636.346693385	0	0.0029679777717050992
scaffold_6	0.46140709917003125	0.4576728262571851	21391302.294589177	0	0.0037342729128461705
scaffold_6	0.46973352595999485	0.47122786506770925	21896341.498997997	0	-0.0014943391077144041
scaffold_6	0.45633339069022594	0.46638318250673333	22332545.779559117	0	-0.010049791816507392
scaffold_6	0.4691048049580014	0.4635277753489273	22637667.965931863	0	0.00557702960907408
scaffold_6	0.473985876362713	0.46880612298986657	22982323.45490982	0	0.0051797533728464296
scaffold_6	0.46913188250373716	0.4714887229628317	23262733.226452906	0	-0.0023568404590945113
scaffold_6	0.46587798458970026	0.4678218113530253	23534237.304609217	0	-0.0019438267633250517
scaffold_6	0.48167095511181124	0.47404444061168843	23815346.63527054	0	0.007626514500122805
scaffold_6	0.47672433498406525	0.47322384486196445	24172321.420841683	0	0.0035004901221007967
scaffold_6	0.46969056863727154	0.46867435201094276	24523690.136272546	0	0.0010162166263287808
scaffold_6	0.47438208613686883	0.48403767977952583	24755976.348697394	0	-0.009655593642657001
scaffold_6	0.48008452428419407	0.4728155965798906	25007814.9784689	0	0.007268927704303485
scaffold_7	0.48380033196410577	0.48097551752076506	86544.81763527053	0	0.0028248144433407063
scaffold_7	0.47691131936468556	0.479710152503957	252343.69739478957	0	-0.0027988331392714283
scaffold_7	0.47761809628266905	0.486948469737078	479749.3627254509	0	-0.009330373454408958
scaffold_7	0.48521312492442065	0.48200087376598927	724952.1983967936	0	0.0032122511584313784
scaffold_7	0.4699074809812974	0.4681344709688371	1015352.8857715431	0	0.0017730100124603299
scaffold_7	0.477065914204327	0.4781336235174647	1334579.623246493	0	-0.0010677093131377102
scaffold_7	0.4927706437759126	0.47254546883896575	1617765.142284569	0	0.020225174936946866
scaffold_7	0.47603581254253075	0.4784766424469039	1868009.8456913827	0	-0.002440829904373165
scaffold_7	0.4824497238856665	0.48135197740661007	2131083.2004008014	0	0.0010977464790564162
scaffold_7	0.48292444321546857	0.48020111797944603	2371098.9178356715	0	0.0027233252360225335
scaffold_7	0.47329607962660436	0.47642110429070733	2610398.144288577	0	-0.003125024664102971
scaffold_7	0.46942239367830174	0.47809102164601963	2845413.466933868	0	-0.00866862796771789
scaffold_7	0.4776769103148738	0.47913949469145367	3078699.9278557114	0	-0.0014625843765798674
scaffold_7	0.47698066462476446	0.4757798420164175	3291517.5511022042	0	0.0012008226083469742
scaffold_7	0.46808891841169575	0.48501015031541134	3545910.637274549	0	-0.016921231903715583
scaffold_7	0.4761394955370912	0.4870255784117618	3771393.867735471	0	-0.010886082874670633
scaffold_7	0.46848134762858057	0.47297699868264853	4005535.7214428857	0	-0.004495651054067962
scaffold_7	0.4767062588025652	0.48489214787915735	4236583.2184368735	0	-0.008185889076592179
scaffold_7	0.46522722257260424	0.4839805888229245	4447199.613226453	0	-0.018753366250320258
scaffold_7	0.48106332621637105	0.4821980762792293	4643906.3647294585	0	-0.0011347500628582363
scaffold_7	0.47435897086225776	0.4787429599383537	4946147.885771543	0	-0.00438398907609594
scaffold_7	0.4738057437302516	0.47605835821119863	5204270.543086172	0	-0.002252614480947046
scaffold_7	0.4767249157041653	0.48112188149754	5466771.136272545	0	-0.004396965793374674
scaffold_7	0.46757458211748604	0.4744888247763977	5719385.695390781	0	-0.006914242658911662
scaffold_7	0.47125836403310817	0.4810754289738301	5925718.935871744	0	-0.009817064940721931
scaffold_7	0.4706966608240901	0.4699111148524689	6176908.372745491	0	0.0007855459716212265
scaffold_7	0.46917203222511855	0.47487971958191977	6422010.913827655	0	-0.0057076873568012165
scaffold_7	0.4758190863608857	0.47509203099818426	6620217.843687375	0	0.0007270553627014564
scaffold_7	0.4715563351602653	0.4751277563997786	6852195.084168336	0	-0.003571421239513317
scaffold_7	0.47879181562223266	0.4715183679108618	7103133.997995992	0	0.0072734477113708396
scaffold_7	0.46742047813621	0.48154596208814315	7316586.064128256	0	-0.014125483951933138
scaffold_7	0.4834384065184188	0.47264685416680197	7521895.216432866	0	0.010791552351616829
scaffold_7	0.4837739942531491	0.4732860422289177	7729808.400801603	0	0.010487952024231417
scaffold_7	0.4718866464365635	0.46369160751279465	7957517.73747495	0	0.008195038923768827
scaffold_7	0.46960887104364324	0.46814685857930155	8238928.186372746	0	0.0014620124643416887
scaffold_7	0.4670367788316418	0.45863494758600576	8537435.286573146	0	0.008401831245636038
scaffold_7	0.45197753192039436	0.4550884785134279	8901224.106212424	0	-0.0031109465930335145
scaffold_7	0.47230528117743226	0.4689591971354057	9229146.549098196	0	0.003346084042026576
scaffold_7	0.47155392681455005	0.4675558250483653	9502972.751503006	0	0.003998101766184758
scaffold_7	0.474512313847281	0.4739732574017071	9727149.997995991	0	0.0005390564455738933
scaffold_7	0.46260521911225166	0.4645122048458968	10081377.971943887	0	-0.0019069857336451168
scaffold_7	0.4731816270523128	0.4661615349279236	10394592.935871743	0	0.007020092124389199
scaffold_7	0.4777393062626979	0.47070803485579954	10726108.897795592	0	0.007031271406898354
scaffold_7	0.4732776669177073	0.4661344504093657	11074172.100200402	0	0.007143216508341599
scaffold_7	0.475989301373696	0.4738566781096351	11413440.661322646	0	0.0021326232640608844
scaffold_7	0.48170016590252834	0.4736669908199312	11651096.260521041	0	0.008033175082597155
scaffold_7	0.4658664161925997	0.46824693820238367	11946489.358717434	0	-0.0023805220097839475
scaffold_7	0.47795014619506676	0.474592566629984	12252084.206412826	0	0.003357579565082758
scaffold_7	0.4657535171685478	0.45952782118763374	12574885.719438877	0	0.006225695980914048
scaffold_7	0.4689323499132547	0.46663521937779534	12927374.22244489	0	0.0022971305354593796
scaffold_7	0.47387895453298684	0.47063189363606744	13373065.891783567	0	0.003247060896919396
scaffold_7	0.4600987538336595	0.45837651933424994	13794174.995991984	0	0.0017222344994095584
scaffold_7	0.4726881731738807	0.4663879371810319	14256742.617234468	0	0.0063002359928487905
scaffold_7	0.47401308112248364	0.46078809619544553	14718350.014028056	0	0.013224984927038108
scaffold_7	0.4272754239276431	0.40872827243526333	16919854.703406814	0	0.018547151492379788
scaffold_7	0.4541396620811497	0.4504695853977952	18221798.95991984	0	0.003670076683354506
scaffold_7	0.44406578418438836	0.4397673733268435	18686721.06012024	0	0.004298410857544843
scaffold_7	0.42922612026289386	0.4257179730127124	19253571.346693385	0	0.003508147250181448
scaffold_7	0.44629326583588974	0.45072591180393495	19789552.36472946	0	-0.004432645968045212
scaffold_7	0.45529562839580323	0.45013105337854825	20319893.93787575	0	0.00516457501725498
scaffold_7	0.4632610139531197	0.4537112088808189	20920141.488977958	0	0.009549805072300799
scaffold_7	0.4688918829637223	0.46359405307319485	21332559.278557114	0	0.005297829890527461
scaffold_7	0.467142683573686	0.46755141724831795	21749494.40480962	0	-0.00040873367463195587
scaffold_7	0.47491258807117426	0.4628457316825053	22135869.73747495	0	0.012066856388668945
scaffold_7	0.46457263774097307	0.45526218517359873	22610412.358717434	0	0.009310452567374339
scaffold_7	0.45896966044454435	0.452629550673879	23140365.34468938	0	0.0063401097706653475
scaffold_7	0.45964378593627675	0.45216741213595296	23619926.639278557	0	0.007476373800323788
scaffold_7	0.4540293745110348	0.44967417054662356	24216763.711422846	0	0.004355203964411247
scaffold_7	0.47211194839361553	0.42759572022727976	24603460.553398058	0	0.04451622816633577
scaffold_8	0.47156097024012233	0.4700074151701342	138673.3486973948	0	0.0015535550699881107
scaffold_8	0.4757340106296031	0.47129143996900374	488031.4268537074	0	0.004442570660599332
scaffold_8	0.46192383685372485	0.47298774884130557	920787.0280561122	0	-0.011063911987580721
scaffold_8	0.4709506193429183	0.4653470835174695	1312703.7194388777	0	0.005603535825448813
scaffold_8	0.4766546934044813	0.4700969750302183	2039051.7995991984	0	0.006557718374263
scaffold_8	0.48156564205155417	0.4731601890009033	3063821.7274549096	0	0.00840545305065088
scaffold_8	0.47551407344770225	0.4624036565735077	3592919.519038076	0	0.013110416874194564
scaffold_8	0.484518903547941	0.47451370648489194	4072536.617234469	0	0.010005197063049087
scaffold_8	0.4536721714368137	0.4528749675665452	4999668.320641283	0	0.0007972038702684925
scaffold_8	0.4633490311589384	0.45920933695635535	6043828.5190380765	0	0.004139694202583033
scaffold_8	0.45431232473791155	0.44014049850954584	6672710.653306614	0	0.014171826228365714
scaffold_8	0.4508259977220945	0.44208013257031264	8313050.318637274	0	0.008745865151781829
scaffold_8	0.4311695833854332	0.43014657753827146	10518026.91983968	0	0.001023005847161751
scaffold_8	0.43913992670328655	0.43556287136872157	11287142.318637274	0	0.0035770553345649825
scaffold_8	0.4730000888780595	0.4609070838047648	11787333.997995991	0	0.012093005073294694
scaffold_8	0.4525819122177521	0.4593442660081063	12308849.613226453	0	-0.00676235379035417
scaffold_8	0.4637259730215108	0.46197290151597936	12897016.955911824	0	0.001753071505531445
scaffold_8	0.4642570236526621	0.467483334171221	13352467.148296593	0	-0.003226310518558928
scaffold_8	0.47193837237133063	0.45389393137130063	13679088.072144289	0	0.018044441000029998
scaffold_8	0.4513383433583587	0.4517684983511489	14082154.27254509	0	-0.0004301549927901993
scaffold_8	0.47283762021902015	0.4759824006290692	14417380.024048096	0	-0.003144780410049064
scaffold_8	0.4632769042190595	0.4658958808612909	14733854.519038076	0	-0.00261897664223143
scaffold_8	0.4729993864408895	0.4645907681489803	15105128.501002004	0	0.008408618291909198
scaffold_8	0.4778649307170733	0.47588650523876475	15416400.150300601	0	0.0019784254783085653
scaffold_8	0.4642424238587548	0.46611182093936965	15773092.897795592	0	-0.001869397080614843
scaffold_8	0.46204123207088404	0.46326660977269696	16151969.773547094	0	-0.001225377701812913
scaffold_8	0.47928500190314977	0.4722803154234827	16580558.178356713	0	0.007004686479667066
scaffold_8	0.48121281412099126	0.4637644226392216	16905693.47695391	0	0.017448391481769687
scaffold_8	0.4818806778940875	0.47381515061192786	17150374.254509017	0	0.008065527282159646
scaffold_8	0.47336960565502395	0.46595398081222045	17430520.80761523	0	0.007415624842803503
scaffold_8	0.4798605096505105	0.47029995508356515	17745397.206412826	0	0.009560554566945378
scaffold_8	0.47862386680647206	0.4608594795259256	18045048.589178357	0	0.017764387280546468
scaffold_8	0.473430403254521	0.46546206183711863	18360499.91783567	0	0.00796834141740238
scaffold_8	0.479220403238808	0.46996261164180797	18537115.743486974	0	0.00925779159700002
scaffold_8	0.4600765381435311	0.4663138321682001	18814737.280561123	0	-0.006237294024668993
scaffold_8	0.46604137849448557	0.4645270940309664	19171824.056112226	0	0.0015142844635191444
scaffold_8	0.47384412576075974	0.47456684556785605	19424234.75751503	0	-0.000722719807096317
scaffold_8	0.47653309099897484	0.466433159448107	19699173.85971944	0	0.010099931550867858
scaffold_8	0.46752447395755464	0.47062187458858296	19944577.76753507	0	-0.003097400631028313
scaffold_8	0.4776592987569694	0.4661275701241201	20192749.799599197	0	0.011531728632849292
scaffold_8	0.4780730847835725	0.4602402348756017	20430379.274549097	0	0.01783284990797085
scaffold_8	0.47535048320820417	0.45850071995406355	20722158.178356715	0	0.016849763254140615
scaffold_8	0.4788371193012611	0.46789480951447837	20980050.84769539	0	0.010942309786782733
scaffold_8	0.4819597733074385	0.47484232125387	21221581.519038077	0	0.007117452053568507
scaffold_8	0.48100208369257547	0.46707351942141606	21469164.398797594	0	0.013928564271159405
scaffold_8	0.4771088185011099	0.4668780304121833	21716638.460921843	0	0.010230788088926634
scaffold_8	0.47061804095777726	0.4695323530578058	21981176.186372746	0	0.001085687899971488
scaffold_8	0.48271867963125165	0.471459769621177	22252995.91983968	0	0.011258910010074619
scaffold_8	0.474779778113503	0.47326267165001223	22497042.11222445	0	0.0015171064634907916
scaffold_8	0.48169139749240947	0.46966088581134574	22720888.31262525	0	0.012030511681063727
scaffold_8	0.4761775507747823	0.471199964789458	22888729.117493473	0	0.004977585985324273
