scaffold	somatic_mean	germline_mean	mean_window	baseline	difference_mean
scaffold_1	0.5240311023134967	0.520262517349389	300988.3987975952	0	0.003768584964107702
scaffold_1	0.5539484975770137	0.5471581178734563	1275787.5671342686	0	0.006790379703557448
scaffold_1	0.5389027721078853	0.5421449402696406	2482333.024048096	0	-0.0032421681617552656
scaffold_1	0.5375098946182251	0.5410792346757656	3944567.9218436875	0	-0.0035693400575405043
scaffold_1	0.5303068792023974	0.5315220960597428	5496148.432865731	0	-0.0012152168573453803
scaffold_1	0.5434545298495782	0.5394372410347393	6670833.420841684	0	0.004017288814838871
scaffold_1	0.5427092917833547	0.5354174268858779	7665716.569138276	0	0.007291864897476796
scaffold_1	0.5503046988269298	0.5478675039454073	8951546.374749498	0	0.0024371948815224975
scaffold_1	0.5206646371013416	0.5246319037926029	10366977.625250502	0	-0.003967266691261351
scaffold_1	0.5379428143278941	0.5386945935181536	11662651.915831663	0	-0.0007517791902594828
scaffold_1	0.5350054084857381	0.5279841966850233	12414073.25250501	0	0.0070212118007147994
scaffold_1	0.5396509496060423	0.5280449993756051	14068300.378757516	0	0.0116059502304372
scaffold_1	0.5411275469804329	0.5325010057782017	16042525.79759519	0	0.008626541202231164
scaffold_1	0.5306623987831771	0.5376148283047952	19573547.16032064	0	-0.00695242952161812
scaffold_1	0.5394872759199647	0.5380609556007708	24193685.366733465	0	0.0014263203191938745
scaffold_1	0.5356134269262101	0.5376172123996656	26414035.611222446	0	-0.0020037854734555882
scaffold_1	0.5381385551777829	0.536761873019534	28450776.711422846	0	0.001376682158248821
scaffold_1	0.532577510262203	0.5486389516697108	30666963.09218437	0	-0.01606144140750776
scaffold_1	0.5227979814481438	0.5289541479283849	32498952.491803277	0	-0.006156166480241088
scaffold_2	0.5234940825246864	0.5250706363252647	771979.9418837675	0	-0.0015765538005783064
scaffold_2	0.5197520136218275	0.5225809203478032	2256348.3346693385	0	-0.0028289067259756884
scaffold_2	0.5372126856296882	0.5381333269310031	3407794.9879759517	0	-0.0009206413013149728
scaffold_2	0.5360715167687449	0.5353030740155197	6786175.583166333	0	0.0007684427532251847
scaffold_2	0.5280197445667064	0.5237721324884742	10470569.861723447	0	0.00424761207823221
scaffold_2	0.5358057691692814	0.5321321997779243	12480149.160320641	0	0.003673569391357101
scaffold_2	0.5273299974402444	0.5316564202906551	13828875.901803607	0	-0.004326422850410627
scaffold_2	0.5384558280567158	0.545683187314719	15025238.659318637	0	-0.007227359258003219
scaffold_2	0.5358214187303856	0.5266842066268222	15986326.745490981	0	0.00913721210356333
scaffold_2	0.543934664316442	0.543923565499537	17277772.45490982	0	1.1098816904975273e-05
scaffold_2	0.5279940897986516	0.5270971172081576	18461445.476190478	0	0.0008969725904940384
scaffold_3	0.5136992050674567	0.5218026004293711	432506.00601202407	0	-0.0081033953619144
scaffold_3	0.5396974725842071	0.5381810744600745	1664305.3967935871	0	0.001516398124132623
scaffold_3	0.5252920254972671	0.5313193639192514	3369312.0300601204	0	-0.0060273384219843296
scaffold_3	0.5414360682154656	0.5386221200875786	4612589.809619239	0	0.002813948127887045
scaffold_3	0.5384879660294172	0.5301498965470446	5865952.927855711	0	0.00833806948237259
scaffold_3	0.5241155535274049	0.5268147397803385	7216840.4128256515	0	-0.0026991862529336386
scaffold_3	0.5416292242895302	0.5422060776682355	8615623.03006012	0	-0.0005768533787052776
scaffold_3	0.5315700155043296	0.5281532684212635	9654657.478957916	0	0.003416747083066052
scaffold_3	0.5186027514713141	0.5249849843098721	11136719.116232464	0	-0.0063822328385579885
scaffold_3	0.5236378126074291	0.5240295564869295	13500317.671342686	0	-0.0003917438795003614
scaffold_3	0.503727223460389	0.5157864805423564	18611942.793587174	0	-0.012059257081967423
scaffold_3	0.5311758192767456	0.5296322315266696	21137411.80761523	0	0.0015435877500760142
scaffold_3	0.5403009269591277	0.5457471195351453	23137162.498997997	0	-0.005446192576017639
scaffold_3	0.5293133840615359	0.5168554330092076	24122005.375	0	0.012457951052328387
scaffold_4	0.5413478754945061	0.5427615218347149	1028695.1122244489	0	-0.0014136463402087962
scaffold_4	0.5293071213070641	0.5224421157646596	2989914.7635270543	0	0.006865005542404545
scaffold_4	0.5191981514843304	0.5293590333175586	6501545.044088176	0	-0.010160881833228275
scaffold_4	0.5205835396417415	0.5213962494302474	11563117.034068136	0	-0.0008127097885058943
scaffold_4	0.5463459850640402	0.5492641478994341	13677880.651302606	0	-0.0029181628353939226
scaffold_4	0.5354865519805572	0.540393169044232	15318823.18236473	0	-0.00490661706367479
scaffold_4	0.5261999508278877	0.5259510819830746	16797119.54709419	0	0.00024886884481312155
scaffold_4	0.536897004290174	0.5368255684399101	18122617.298597194	0	7.143585026381238e-05
scaffold_4	0.5325603323995624	0.5329477457044368	19327420.52304609	0	-0.00038741330487446213
scaffold_4	0.5371357733381025	0.5320536682712843	20309439.04809619	0	0.0050821050668181655
scaffold_4	0.513960204350119	0.5059224655539872	21009962.905811623	0	0.008037738796131788
scaffold_4	0.5421230003066163	0.5387097409461726	21820127.64529058	0	0.0034132593604436767
scaffold_4	0.535670012156688	0.5254710960886013	22798543.62835249	0	0.01019891606808665
scaffold_5	0.5413656775355477	0.5431865610206537	713915.6412825651	0	-0.0018208834851060063
scaffold_5	0.5367026192302916	0.5437907153457332	2350977.0440881765	0	-0.007088096115441589
scaffold_5	0.5546387351968685	0.553159319898053	3391054.509018036	0	0.0014794152988154563
scaffold_5	0.5315284214857076	0.5323890986940465	4404759.004008016	0	-0.0008606772083389336
scaffold_5	0.5296399292209066	0.5311846896274526	8259246.949899799	0	-0.001544760406545942
scaffold_5	0.5180632507345709	0.5303750995484641	11598853.881763527	0	-0.012311848813893134
scaffold_5	0.5238133849952062	0.5229190075533209	13023956.689378757	0	0.0008943774418853634
scaffold_5	0.5337539652460609	0.5350118177872832	14339500.43486974	0	-0.0012578525412223485
scaffold_5	0.5389962376296005	0.5352254220585999	15837611.765531061	0	0.003770815571000563
scaffold_5	0.5171560128090293	0.5244781355597201	17226998.815631263	0	-0.007322122750690774
scaffold_5	0.5259625039292357	0.5306786180744233	18845905.1503006	0	-0.004716114145187578
scaffold_5	0.5422348063548575	0.5442274678837904	20014858.64529058	0	-0.0019926615289328486
scaffold_5	0.5281338382699443	0.54459805824392	20970874.22614841	0	-0.016464219973975736
scaffold_6	0.5341327771112804	0.5266581008946031	695745.4428857715	0	0.007474676216677301
scaffold_6	0.5354178499756989	0.5412350053282666	1902533.511022044	0	-0.005817155352567771
scaffold_6	0.5520577946011654	0.5336919836766031	3318819.9138276554	0	0.018365810924562354
scaffold_6	0.5569217232846242	0.5430743550119188	4263624.134268537	0	0.013847368272705385
scaffold_6	0.5387594554330815	0.5430899795089137	5243015.603206413	0	-0.004330524075832232
scaffold_6	0.5397197774298712	0.5444743503642961	6227814.01002004	0	-0.004754572934424939
scaffold_6	0.5307473081220985	0.5351751784373407	7314486.154308617	0	-0.004427870315242277
scaffold_6	0.5355102702048898	0.5313430327622758	8774488.046092184	0	0.004167237442614047
scaffold_6	0.5323469489310636	0.5251520479447046	10051634.735470941	0	0.0071949009863589986
scaffold_6	0.5365104879753588	0.5275970332994488	11472231.442885771	0	0.008913454675909982
scaffold_6	0.5342623619424057	0.5214316405269329	13109067.79759519	0	0.012830721415472812
scaffold_6	0.5283044447564894	0.5208788855520563	17121714.296593186	0	0.007425559204433108
scaffold_6	0.5162499256943788	0.5165369497470375	19736026.076152306	0	-0.0002870240526586798
scaffold_6	0.5377914116502281	0.5267758162583763	21414972.128256515	0	0.011015595391851818
scaffold_6	0.5410581461478619	0.5343846550059427	22893889.963927854	0	0.0066734911419191745
scaffold_6	0.5467348154154691	0.5274613689854414	24025396.933867734	0	0.019273446430027708
scaffold_6	0.4966664037546375	0.5022102116981105	24809826.602484472	0	-0.005543807943473034
scaffold_7	0.5308502349216262	0.5501044735713293	784385.3226452906	0	-0.019254238649703104
scaffold_7	0.5270212115104875	0.5376981504874685	2328338.615230461	0	-0.010676938976980965
scaffold_7	0.5371892286244089	0.546053542206524	4177653.9078156315	0	-0.008864313582115146
scaffold_7	0.5360285669123459	0.5479009737396059	5470798.444889779	0	-0.011872406827259985
scaffold_7	0.5331686375771661	0.5411805838685078	6314603.677354709	0	-0.00801194629134161
scaffold_7	0.5443357688568949	0.5526446301262716	7754354.234468938	0	-0.008308861269376688
scaffold_7	0.5186173112298174	0.5386851415008069	9445602.256513026	0	-0.020067830270989573
scaffold_7	0.520720764950202	0.5362341997381358	11017943.839679359	0	-0.015513434787933766
scaffold_7	0.5378002253559708	0.5408685051474708	12189069.675350701	0	-0.0030682797914999282
scaffold_7	0.5139171502951229	0.5272858996739956	14004816.158316633	0	-0.01336874937887278
scaffold_7	0.5283202315411668	0.5322357199276909	18202171.01002004	0	-0.003915488386524113
scaffold_7	0.5252341905742975	0.5294270738602616	20932098.39278557	0	-0.004192883285964011
scaffold_7	0.5223321705467252	0.5323800952099925	22716366.13226453	0	-0.010047924663267316
scaffold_7	0.5226030198758735	0.5336316152504502	24259228.82300885	0	-0.011028595374576677
scaffold_8	0.5304311266287912	0.5363679421975612	1016202.2024048097	0	-0.005936815568770015
scaffold_8	0.5125760398984938	0.5141653237766635	3541047.0661322647	0	-0.0015892838781697005
scaffold_8	0.5263078688748176	0.5336655559199129	6063297.603206413	0	-0.007357687045095318
scaffold_8	0.5339774267691579	0.5306788899730498	11950057.294589179	0	0.0032985367961081424
scaffold_8	0.5319960699247525	0.5328775777808509	14186329.116232464	0	-0.000881507856098418
scaffold_8	0.5344974923830352	0.5361383227719442	16189086.238476954	0	-0.0016408303889089426
scaffold_8	0.5222978915252136	0.5202296736364611	17589973.22244489	0	0.002068217888752444
scaffold_8	0.524082934080894	0.52850332942734	18892822.37274549	0	-0.004420395346446004
scaffold_8	0.5431103866607923	0.5544139277923065	20332189.683366735	0	-0.011303541131514216
scaffold_8	0.5312557860549927	0.5330602802343535	21688708.661322646	0	-0.0018044941793607938
scaffold_8	0.535451813360839	0.5388648054234296	22572431.86813187	0	-0.003412992062590603
