scaffold	somatic_mean	germline_mean	mean_window	baseline	difference_mean
scaffold_1	0.4967877727551344	0.5751336255254867	750681.3967935871	0	-0.07834585277035233
scaffold_1	0.49510660215507685	0.597570085935618	1684229.6032064129	0	-0.10246348378054115
scaffold_1	0.49005724212080815	0.5128718253812903	2909577.9438877758	0	-0.022814583260482135
scaffold_1	0.48709906876370374	0.540909837454685	4524998.0921843685	0	-0.05381076869098128
scaffold_1	0.482583893216587	0.5642343031179676	6134154.142284569	0	-0.08165040990138062
scaffold_1	0.4849509534109133	0.5422771001128248	7471628.5250501	0	-0.057326146701911496
scaffold_1	0.48827698213935145	0.5179270971358472	8850136.320641283	0	-0.029650114996495724
scaffold_1	0.49878361180911523	0.6137778407476725	10495893.653306613	0	-0.11499422893855726
scaffold_1	0.4830672907804151	0.5266918421094386	11970309.761523046	0	-0.04362455132902354
scaffold_1	0.493879827860275	0.5683608916818529	13619328.629258517	0	-0.07448106382157788
scaffold_1	0.48619682422696303	0.5619328846239637	15145724.266533066	0	-0.0757360603970007
scaffold_1	0.4779321458130069	0.5971979211561477	17991183.02204409	0	-0.11926577534314076
scaffold_1	0.4942098528668325	0.500024156098096	23494020.811623245	0	-0.005814303231263529
scaffold_1	0.5019922168300568	0.5118204457326524	25558628.254509017	0	-0.009828228902595604
scaffold_1	0.5044438021543556	0.514538462629888	27343850.759519037	0	-0.010094660475532424
scaffold_1	0.49672298608781257	0.5346010546296609	29324569.30260521	0	-0.03787806854184833
scaffold_1	0.4914350963088655	0.4989675645210908	31896312.303030305	0	-0.007532468212225307
scaffold_2	0.502651354444051	0.5479786297849014	1585566.883767535	0	-0.04532727534085046
scaffold_2	0.4914807948122668	0.5785367857019634	6311287.9078156315	0	-0.08705599088969662
scaffold_2	0.496919387058945	0.5315637800560424	11891454.799599199	0	-0.03464439299709743
scaffold_2	0.4909900003951868	0.534281886907466	13696618.154308617	0	-0.04329188651227922
scaffold_2	0.4951263511781363	0.5430102476213569	15488390.847695392	0	-0.04788389644322055
scaffold_2	0.4957120187517068	0.5434663112876765	17052068.08817635	0	-0.047754292535969745
scaffold_2	0.4882879075575004	0.5393739852381984	18323029.346693385	0	-0.05108607768069795
scaffold_2	0.5291986649598276	0.6299017326026326	19190115.425287355	0	-0.10070306764280501
scaffold_3	0.5001808728833654	0.5720176968671109	533330.3587174349	0	-0.07183682398374547
scaffold_3	0.48276434437368815	0.5618497047184816	1909096.9138276554	0	-0.07908536034479346
scaffold_3	0.48300546573919506	0.5471034469387771	3365002.378757515	0	-0.06409798119958204
scaffold_3	0.486494557111597	0.5988706445977421	4832490.821643286	0	-0.11237608748614508
scaffold_3	0.49231466747174246	0.6732148324409102	5678395.260521042	0	-0.18090016496916772
scaffold_3	0.5090984814476671	0.5627220744707014	6678634.667334669	0	-0.05362359302303432
scaffold_3	0.48117438303300125	0.5776778301812088	8022736.050100201	0	-0.09650344714820752
scaffold_3	0.49400033945207356	0.6272612325742133	9039501.338677354	0	-0.13326089312213973
scaffold_3	0.4901504060645739	0.5423226464090394	10614805.17234469	0	-0.05217224034446549
scaffold_3	0.4998224832199912	0.5773224058680867	13541751.897795592	0	-0.07749992264809552
scaffold_3	0.49723193045010206	0.5293290843113133	19363895.673346695	0	-0.03209715386121126
scaffold_3	0.4979994586656456	0.5471869759640149	21666445.33466934	0	-0.04918751729836929
scaffold_3	0.49155253930625703	0.565338189093233	23455087.806741573	0	-0.07378564978697594
scaffold_4	0.4938652644801693	0.5801504181090594	887294.2324649298	0	-0.08628515362889011
scaffold_4	0.5056207318676242	0.54978227812261	2966953.3346693385	0	-0.044161546254985806
scaffold_4	0.4962041484718347	0.5183812155743448	5221786.446893788	0	-0.022177067102510106
scaffold_4	0.4931246437195813	0.5204800985687776	9968898.887775552	0	-0.027355454849196326
scaffold_4	0.4901193685622217	0.5319433609008127	12501590.326653307	0	-0.04182399233859102
scaffold_4	0.5040320369392117	0.5349050167884976	14799743.448897796	0	-0.03087297984928583
scaffold_4	0.5033856624491646	0.5245067635846205	16295047.036072144	0	-0.021121101135455844
scaffold_4	0.48513325856638445	0.5476156474545122	17976348.82765531	0	-0.06248238888812774
scaffold_4	0.4938869715486896	0.48900351015060106	19963743.07014028	0	0.00488346139808854
scaffold_4	0.4957956732033056	0.5296159502709397	21362361.1503006	0	-0.033820277067634075
scaffold_4	0.49663510949146544	0.5195961279362971	22661074.81958763	0	-0.022961018444831616
scaffold_5	0.4771679159395456	0.525167484788123	1029717.4048096192	0	-0.04799956884857742
scaffold_5	0.4924782873461359	0.5403357856904116	3084974.4308617236	0	-0.04785749834427572
scaffold_5	0.490566147333202	0.48056272981336284	5402341.803607214	0	0.01000341751983913
scaffold_5	0.5052147979602276	0.5566077072886964	11225499.571142284	0	-0.05139290932846874
scaffold_5	0.5065091206109172	0.546122938481716	13612253.917835671	0	-0.03961381787079876
scaffold_5	0.4940476178003167	0.6047363263122726	15339644.396793587	0	-0.11068870851195589
scaffold_5	0.4902870169659889	0.6828170761332494	16221754.362725452	0	-0.19253005916726046
scaffold_5	0.5030548597156471	0.568306098699373	17145897.721442886	0	-0.06525123898372587
scaffold_5	0.48739256364598704	0.545631782561263	18384262.03006012	0	-0.05823921891527595
scaffold_5	0.49925803991403805	0.5115816419632715	20065776.893787574	0	-0.01232360204923344
scaffold_5	0.48158260169090816	0.518589077034586	21056043.10958904	0	-0.03700647534367785
scaffold_6	0.48857172386396636	0.5993903575933561	479818.2865731463	0	-0.11081863372938977
scaffold_6	0.4900190432846858	0.5673433383207153	1588474.9358717436	0	-0.07732429503602944
scaffold_6	0.4980117492690473	0.556583818377388	3134066.6713426854	0	-0.05857206910834073
scaffold_6	0.49593871547006785	0.5936374228053102	4692405.567134269	0	-0.09769870733524233
scaffold_6	0.4949650558637337	0.5579363849220622	5845801.106212425	0	-0.06297132905832853
scaffold_6	0.49225204943985285	0.5575316803980433	7187302.108216433	0	-0.0652796309581905
scaffold_6	0.482190855729662	0.5536523320661784	8576104.320641283	0	-0.07146147633651634
scaffold_6	0.4874294584962248	0.5576277230942639	9774782.649298597	0	-0.07019826459803907
scaffold_6	0.5004459352430816	0.5395507324567331	11566246.789579159	0	-0.039104797213651565
scaffold_6	0.49480321361948015	0.5656739991351248	16053461.613226453	0	-0.07087078551564469
scaffold_6	0.49340478581360553	0.5302717501334991	20029793.248496994	0	-0.036866964319893614
scaffold_6	0.4968014163407834	0.6357022686054862	21403358.93186373	0	-0.13890085226470278
scaffold_6	0.502471463549539	0.5916349510591585	23296034.220440883	0	-0.08916348750961955
scaffold_6	0.4904430367814933	0.5764199980405701	24506699.963963963	0	-0.08597696125907678
scaffold_7	0.49737340128961854	0.5962394658675549	563986.4048096192	0	-0.0988660645779364
scaffold_7	0.4875119468317983	0.573313588518873	1780199.1182364728	0	-0.08580164168707471
scaffold_7	0.49412798219894594	0.5367230322180152	3184169.8997995993	0	-0.04259505001906927
scaffold_7	0.4924208921382234	0.5756265846101493	4694332.466933868	0	-0.08320569247192589
scaffold_7	0.4908464992517817	0.5959725911415046	6124541.386773547	0	-0.10512609188972288
scaffold_7	0.4878325081029686	0.5510967787352326	7459405.350701403	0	-0.06326427063226397
scaffold_7	0.48562593280518146	0.5974950888421878	9055270.204408817	0	-0.11186915603700637
scaffold_7	0.48614664464038576	0.5106176965337347	10764894.743486974	0	-0.024471051893348916
scaffold_7	0.49913679743469164	0.539420798294325	12856650.871743487	0	-0.04028400085963335
scaffold_7	0.49172514882279483	0.5038685876778587	16438578.164328657	0	-0.01214343885506386
scaffold_7	0.500876880886439	0.5476440985770633	20686169.75751503	0	-0.04676721769062431
scaffold_7	0.5023648592035314	0.5224741682300945	23215565.803607214	0	-0.02010930902656316
scaffold_7	0.4815977923736544	0.6959813002063122	24631833.5	0	-0.2143835078326578
scaffold_8	0.4877393583986063	0.5925303837577037	1022512.507014028	0	-0.1047910253590974
scaffold_8	0.48158651929705104	0.552367756318709	3741210.785571142	0	-0.070781237021658
scaffold_8	0.4912679852687544	0.5419676154354999	10439035.54509018	0	-0.050699630166745446
scaffold_8	0.496421292872942	0.631407060120667	14368168.246492986	0	-0.13498576724772504
scaffold_8	0.5051592198390188	0.6125699059555851	15337248.675350701	0	-0.10741068611656635
scaffold_8	0.48503477831701064	0.5763992996801235	16379990.26252505	0	-0.09136452136311285
scaffold_8	0.4693010150349935	0.5900493511078464	17186055.45691383	0	-0.1207483360728529
scaffold_8	0.4920636093216716	0.5469909270107203	18836792.42284569	0	-0.05492731768904868
scaffold_8	0.48765298761163706	0.5289564127850662	20868365.43687375	0	-0.041303425173429165
scaffold_8	0.49104947757885004	0.5240007485173269	22436883.27970297	0	-0.032951270938476884
