scaffold	somatic_mean	germline_mean	mean_window	baseline	difference_mean
scaffold_1	0.4894486484434801	0.492450107460919	114773.4509018036	0	-0.0030014590174388678
scaffold_1	0.5053337805338726	0.514720693368299	285386.4368737475	0	-0.009386912834426386
scaffold_1	0.4861909805208568	0.5036930989652197	469645.9659318637	0	-0.017502118444362946
scaffold_1	0.48227102317289205	0.5093475979853382	652407.0260521042	0	-0.027076574812446186
scaffold_1	0.4901550668254781	0.49610222024591544	812385.8957915831	0	-0.005947153420437334
scaffold_1	0.5099424753875441	0.5304019103023072	975250.2925851704	0	-0.020459434914763097
scaffold_1	0.488870512156982	0.48718807725100566	1176589.352705411	0	0.00168243490597636
scaffold_1	0.49081138540128144	0.5116096360588914	1341010.6633266534	0	-0.020798250657609985
scaffold_1	0.47887529867633516	0.4879304931565182	1495724.2825651302	0	-0.009055194480183049
scaffold_1	0.48766245826784876	0.5105814232270719	1630278.1523046093	0	-0.02291896495922313
scaffold_1	0.490861894030225	0.49708419305754453	1772744.7014028055	0	-0.006222299027319522
scaffold_1	0.48443447651090027	0.5028417338387929	1952222.1823647295	0	-0.018407257327892668
scaffold_1	0.4920462307043484	0.5081299749129883	2109598.513026052	0	-0.016083744208639894
scaffold_1	0.501547640184796	0.5183566754758863	2251251.637274549	0	-0.016809035291090235
scaffold_1	0.49542893518565895	0.5088685422244906	2420293.168336673	0	-0.01343960703883168
scaffold_1	0.4940037858318979	0.5075027686607227	2589900.2865731465	0	-0.013498982828824835
scaffold_1	0.4905876709550734	0.5015037671386355	2729040.6913827653	0	-0.010916096183562152
scaffold_1	0.4856701364025886	0.5009775735794464	2888032.164328657	0	-0.015307437176857785
scaffold_1	0.49716744878016306	0.5169949498054689	3061466.0681362725	0	-0.019827501025305838
scaffold_1	0.5040739968082746	0.5129678367560894	3198034.3206412825	0	-0.008893839947814786
scaffold_1	0.49353518266104895	0.5153193676748618	3322270.865731463	0	-0.021784185013812796
scaffold_1	0.4928235985660485	0.5023008876390429	3459201.6773547092	0	-0.009477289072994388
scaffold_1	0.49052101122746955	0.5185053271356526	3578235.210420842	0	-0.02798431590818301
scaffold_1	0.49556349563278573	0.5006984773075962	3697838.4148296593	0	-0.005134981674810468
scaffold_1	0.492668567597465	0.5011089780696982	3841510.02004008	0	-0.008440410472233206
scaffold_1	0.4881118551031866	0.4816250143763522	4023878.8376753507	0	0.00648684072683442
scaffold_1	0.4977628851176087	0.5003772029472222	4187361.4328657314	0	-0.0026143178296135217
scaffold_1	0.49211561640847695	0.5130694813911287	4347259.294589179	0	-0.020953864982651782
scaffold_1	0.5048725432784161	0.510402648724782	4490386.004008016	0	-0.005530105446365896
scaffold_1	0.48548796726962845	0.5124006475757585	4681957.793587174	0	-0.026912680306130088
scaffold_1	0.48197980417677344	0.4966987092346048	4890029.424849699	0	-0.014718905057831355
scaffold_1	0.5013112270282999	0.5026961400722699	5119114.591182365	0	-0.0013849130439700374
scaffold_1	0.48847257478479217	0.5024061440932622	5382465.7615230465	0	-0.013933569308470062
scaffold_1	0.4794034408773163	0.49297667154259656	5574599.106212425	0	-0.013573230665280267
scaffold_1	0.4983872941124517	0.4987086879194817	5788639.022044088	0	-0.00032139380703000153
scaffold_1	0.494670016780017	0.4984730135007599	5970260.7134268535	0	-0.0038029967207429127
scaffold_1	0.489189770112302	0.5085127315549598	6144453.320641283	0	-0.01932296144265777
scaffold_1	0.500643034755591	0.5086618855190036	6316218.585170341	0	-0.008018850763412577
scaffold_1	0.4882999369819255	0.4941589446056081	6464226.9859719435	0	-0.005859007623682633
scaffold_1	0.48862201119688975	0.4910610188968157	6603235.77755511	0	-0.0024390076999259436
scaffold_1	0.5044753030940702	0.5082473405538812	6766587.933867736	0	-0.0037720374598110284
scaffold_1	0.5018175730752522	0.5140660714274548	6909888.7615230465	0	-0.012248498352202541
scaffold_1	0.4943714620294167	0.4987798349816997	7060328.903807615	0	-0.004408372952283024
scaffold_1	0.4982591701806388	0.5091962342807663	7243508.192384769	0	-0.010937064100127514
scaffold_1	0.4899147360524344	0.5049004926624491	7407564.074148296	0	-0.014985756610014667
scaffold_1	0.4931724473571092	0.4997290132688063	7583391.116232465	0	-0.006556565911697121
scaffold_1	0.49624331899937724	0.4994580902852289	7746546.825651303	0	-0.003214771285851681
scaffold_1	0.5038343950184933	0.5144865749131089	7928965.270541082	0	-0.010652179894615643
scaffold_1	0.49889780040652704	0.5025733992986992	8112724.224448898	0	-0.003675598892172116
scaffold_1	0.494460030272845	0.5048161827497075	8330319.871743487	0	-0.010356152476862501
scaffold_1	0.48310526559722883	0.5007994193256952	8514501.336673347	0	-0.017694153728466333
scaffold_1	0.49163362721870685	0.5129646312279719	8679936.5751503	0	-0.02133100400926502
scaffold_1	0.4917659738995702	0.5095196332812101	8875004.016032064	0	-0.017753659381639864
scaffold_1	0.5075396719820056	0.5182027715242963	9057499.436873747	0	-0.010663099542290722
scaffold_1	0.4988775210659682	0.5015744419332054	9300580.166332666	0	-0.002696920867237218
scaffold_1	0.48198738019727916	0.4917897348007775	9500793.356713427	0	-0.00980235460349832
scaffold_1	0.48748524639311797	0.4973484664052799	9757845.623246493	0	-0.009863220012161944
scaffold_1	0.4993274259969866	0.5044738974888339	9974023.863727454	0	-0.005146471491847271
scaffold_1	0.4948579993311866	0.5096018529175403	10148088.945891783	0	-0.014743853586353717
scaffold_1	0.49139519624929734	0.4966233646314804	10384247.733466934	0	-0.0052281683821830405
scaffold_1	0.4936090464655197	0.5051066033530007	10620218.362725452	0	-0.011497556887481053
scaffold_1	0.49730905289477734	0.4961225264022382	10993022.180360721	0	0.0011865264925391417
scaffold_1	0.4919320918756072	0.49864696895686567	11252272.0501002	0	-0.006714877081258452
scaffold_1	0.49195841344448893	0.5056140921868506	11476821.188376753	0	-0.013655678742361677
scaffold_1	0.49614775342549994	0.5105862074969043	11639442.004008016	0	-0.014438454071404372
scaffold_1	0.4919736504421175	0.5013475082575933	11879310.941883767	0	-0.009373857815475839
scaffold_1	0.5076707810571816	0.5067840814180113	12071562.98997996	0	0.0008866996391702076
scaffold_1	0.5218502018957495	0.5143378944010952	12265177.855711423	0	0.007512307494654258
scaffold_1	0.49177535676447687	0.502866432146392	12458651.715430861	0	-0.011091075381915172
scaffold_1	0.48886455763850833	0.5024729865880131	12686305.82765531	0	-0.013608428949504758
scaffold_1	0.4978025546054108	0.506541434037852	12887998.082164329	0	-0.008738879432441227
scaffold_1	0.4956980774017243	0.513432662709503	13103177.49498998	0	-0.017734585307778772
scaffold_1	0.5096021017622082	0.512965978546879	13328602.4248497	0	-0.0033638767846707607
scaffold_1	0.495843252232162	0.5093565406662306	13583362.743486974	0	-0.013513288434068571
scaffold_1	0.49582205670764273	0.5075608113853772	13835148.96993988	0	-0.011738754677734498
scaffold_1	0.4930850966185639	0.5123098291372277	14187583.879759518	0	-0.019224732518663745
scaffold_1	0.4823281569895566	0.48556006511790256	14535445.995991984	0	-0.0032319081283459505
scaffold_1	0.5061109397729464	0.5054918080417633	14837173.28256513	0	0.000619131731183109
scaffold_1	0.5025448985493113	0.5022885886784292	15126051.130260522	0	0.0002563098708820988
scaffold_1	0.506155279867117	0.52308794428134	15430968.168336673	0	-0.01693266441422303
scaffold_1	0.4847519065110436	0.4881916613596197	15894587.55511022	0	-0.0034397548485761154
scaffold_1	0.49263643367612814	0.505203155008905	16372264.663326653	0	-0.012566721332776865
scaffold_1	0.4995361712315784	0.5061855649671801	16818999.669338677	0	-0.00664939373560175
scaffold_1	0.5098278086675267	0.5188977274959955	17475106.136272546	0	-0.009069918828468748
scaffold_1	0.491837380435566	0.48890714954075726	18430013.99198397	0	0.0029302308948087608
scaffold_1	0.4959800549441922	0.5119655223069506	21854383.70741483	0	-0.01598546736275841
scaffold_1	0.4936119917323852	0.4953189230953328	22659680.240480963	0	-0.001706931362947639
scaffold_1	0.5061972580831375	0.49281092485703476	23239200.679358717	0	0.013386333226102776
scaffold_1	0.49597506204386316	0.495281512011159	23743287.43486974	0	0.0006935500327041599
scaffold_1	0.5009339278978879	0.5006927463305044	24291281.014028057	0	0.00024118156738350827
scaffold_1	0.48042153472552335	0.4984519207618435	24541893.318637274	0	-0.01803038603632018
scaffold_1	0.48959998235702856	0.48974404668693194	24816355.84769539	0	-0.0001440643299033817
scaffold_1	0.4888480645350903	0.48580586766878014	25152655.11022044	0	0.0030421968663101318
scaffold_1	0.4861716325153833	0.4878839846030422	25719237.815631263	0	-0.0017123520876589082
scaffold_1	0.504020782173108	0.5145819232395026	26034318.881763525	0	-0.010561141066394608
scaffold_1	0.49693965012147145	0.49516205757173304	26321139.014028057	0	0.001777592549738416
scaffold_1	0.4973497219117049	0.5217589446803382	26744421.783567134	0	-0.024409222768633332
scaffold_1	0.4842429959833241	0.48255652023450313	27146353.128256515	0	0.0016864757488209703
scaffold_1	0.4954537586262777	0.5030069921947401	27464785.458917834	0	-0.007553233568462381
scaffold_1	0.48848819102877644	0.4979422352636038	27830299.348697394	0	-0.009454044234827375
scaffold_1	0.49752728895150555	0.5109971821201816	28083764.316633265	0	-0.013469893168676084
scaffold_1	0.5026085384128088	0.49829659125194403	28324354.731462926	0	0.004311947160864804
scaffold_1	0.505257640886515	0.5138264531678106	28604013.66533066	0	-0.00856881228129558
scaffold_1	0.49530077231042735	0.4951487066490383	28947848.92985972	0	0.00015206566138903366
scaffold_1	0.49942754689922814	0.5098737460625576	29183845.619238477	0	-0.010446199163329506
scaffold_1	0.5012242539599743	0.5161792126330838	29398095.619238477	0	-0.014954958673109475
scaffold_1	0.48680517217048663	0.5025177111710553	29597282.244488977	0	-0.015712539000568626
scaffold_1	0.48842561234582943	0.5070226354596642	30101300.97995992	0	-0.018597023113834765
scaffold_1	0.5061400432503624	0.5203227782102	31127521.765531063	0	-0.014182734959837573
scaffold_1	0.4903751850627914	0.5034731263481144	32168116.511022042	0	-0.01309794128532299
scaffold_1	0.48521847182740285	0.5020972832586731	32823466.636363637	0	-0.016878811431270235
scaffold_2	0.4914761575475203	0.5047385482614198	144895.0881763527	0	-0.013262390713899563
scaffold_2	0.49259903935598637	0.5036429483870772	404609.4128256513	0	-0.01104390903109087
scaffold_2	0.4971676467027161	0.5024210349160544	672437.378757515	0	-0.0052533882133382614
scaffold_2	0.4897655662130151	0.5021273965092339	1071122.352705411	0	-0.01236183029621879
scaffold_2	0.4936448723218216	0.5048344152113626	1514659.1783567134	0	-0.011189542889541049
scaffold_2	0.503860994686917	0.5070546534051664	1831966.392785571	0	-0.0031936587182493925
scaffold_2	0.5027769011653093	0.5051899088544154	2149425.4488977958	0	-0.002413007689106128
scaffold_2	0.5093751277225788	0.5057501168971453	2434704.1863727453	0	0.003625010825433428
scaffold_2	0.49933006888311976	0.5063934067689903	2773334.3907815632	0	-0.007063337885870491
scaffold_2	0.4975408228158147	0.5143822296203001	3025823.785571142	0	-0.016841406804485426
scaffold_2	0.5032156809841298	0.5025347326859514	3311492.7354709418	0	0.0006809482981784409
scaffold_2	0.49705914256391115	0.5150681564202226	3740430.6793587175	0	-0.018009013856311484
scaffold_2	0.48394023679933884	0.49488378248048454	4188560.635270541	0	-0.010943545681145694
scaffold_2	0.4864361532439939	0.49122977781944677	4650238.478957916	0	-0.004793624575452848
scaffold_2	0.49827998986669003	0.4801245689889567	7518598.288577154	0	0.018155420877733308
scaffold_2	0.4815537899438959	0.47817575889515834	8944706.072144289	0	0.003378031048737573
scaffold_2	0.5044051888268424	0.5054270192917696	9907405.865731463	0	-0.0010218304649272092
scaffold_2	0.478379205991727	0.4781377208826449	10625213.891783567	0	0.00024148510908211795
scaffold_2	0.5048813903263936	0.5037615702115376	11228995.50501002	0	0.0011198201148560072
scaffold_2	0.5013968539164791	0.5078630541510875	11945541.18236473	0	-0.00646620023460831
scaffold_2	0.49550645439225266	0.4917162751320967	12269176.412825651	0	0.003790179260155957
scaffold_2	0.49504592629508093	0.5003085631105318	12517752.925851703	0	-0.005262636815450916
scaffold_2	0.5039360868003563	0.5131485810416628	12735690.963927856	0	-0.009212494241306546
scaffold_2	0.5019115889103871	0.5038467958132348	12931903.07014028	0	-0.0019352069028476526
scaffold_2	0.49644728929519966	0.494073938374297	13123856.250501001	0	0.0023733509209026837
scaffold_2	0.493416901246346	0.49665234726457086	13327657.256513026	0	-0.0032354460182248412
scaffold_2	0.4991449923805591	0.5037375581794687	13527888.178356713	0	-0.0045925657989096536
scaffold_2	0.5045421725948005	0.5163616414230169	13725546.80761523	0	-0.011819468828216384
scaffold_2	0.4936236834962637	0.5042058877200517	13937860.370741483	0	-0.010582204223788028
scaffold_2	0.4971105701754845	0.49221855738954784	14232458.615230462	0	0.00489201278593665
scaffold_2	0.49625930957035636	0.5016195391433325	14451785.094188377	0	-0.005360229572976105
scaffold_2	0.4999898275032824	0.4975059135628364	14624790.793587174	0	0.002483913940446003
scaffold_2	0.4889441878807281	0.5091079417774627	14806050.074148297	0	-0.020163753896734582
scaffold_2	0.5010803863001697	0.5176764868129394	14987380.865731463	0	-0.016596100512769718
scaffold_2	0.49611773405755455	0.5069358007702844	15159779.498997996	0	-0.01081806671272989
scaffold_2	0.49336301655902215	0.5165665720289347	15348580.877755512	0	-0.023203555469912596
scaffold_2	0.48076253039970424	0.49152802223317743	15516425.448897796	0	-0.010765491833473195
scaffold_2	0.4953103587788708	0.5053655346253406	15701274.054108217	0	-0.01005517584646981
scaffold_2	0.49713016103935714	0.49497138304128235	15869581.925851703	0	0.00215877799807479
scaffold_2	0.4894702209513293	0.4881022368827466	16036301.663326653	0	0.0013679840685826838
scaffold_2	0.4861187840625466	0.4975915150553836	16184860.156312626	0	-0.011472730992837021
scaffold_2	0.5020860896175837	0.5000571438320103	16332153.184368737	0	0.002028945785573444
scaffold_2	0.49820946469329414	0.5055575291886506	16490540.533066133	0	-0.0073480644953564656
scaffold_2	0.500786998221209	0.5254174362356108	16637933.326653307	0	-0.02463043801440179
scaffold_2	0.5025979163791918	0.49117548810510775	16823348.03206413	0	0.011422428274084073
scaffold_2	0.502666454085512	0.516974637689747	16982769.328657314	0	-0.014308183604235025
scaffold_2	0.5000521656529459	0.5067062795626109	17152570.05811623	0	-0.0066541139096650825
scaffold_2	0.48833871509749094	0.5106493890919162	17339413.61523046	0	-0.022310673994425212
scaffold_2	0.4851858375306458	0.4994890843912176	17529749.531062122	0	-0.014303246860571772
scaffold_2	0.4862434755919888	0.5000988970295279	17665256.214428857	0	-0.013855421437539095
scaffold_2	0.48742425098986436	0.48731362376259296	17826228.37274549	0	0.00011062722727139818
scaffold_2	0.48947333088432116	0.5103327813220864	18020037.943887774	0	-0.020859450437765215
scaffold_2	0.48915650360234153	0.5171018253111347	18256435.53707415	0	-0.027945321708793158
scaffold_2	0.4957056177510895	0.5013966295502597	18413710.310621243	0	-0.0056910117991701425
scaffold_2	0.4959638910969749	0.4941832982153238	18566005.815631263	0	0.0017805928816511107
scaffold_2	0.5009913094485953	0.5127166622884727	18716536.98196393	0	-0.011725352839877412
scaffold_2	0.497232005661558	0.5001992655473548	18864750.430861723	0	-0.0029672598857968246
scaffold_2	0.5040284906020934	0.5054886706522044	19015549.765531063	0	-0.0014601800501109485
scaffold_2	0.5056911937809122	0.5101933367338188	19161604.68737475	0	-0.004502142952906629
scaffold_2	0.47157104867159183	0.4722046630343159	19269121.353932586	0	-0.0006336143627240776
scaffold_3	0.4911805138160654	0.48732321793739836	78954.36472945892	0	0.0038572958786670664
scaffold_3	0.5000324274123016	0.49127807409904345	237094.52104208418	0	0.008754353313258134
scaffold_3	0.49401390489638775	0.4857392550694161	384426.0861723447	0	0.008274649826971625
scaffold_3	0.49403775318730175	0.473502792987035	536479.9619238477	0	0.02053496020026674
scaffold_3	0.4984151210879735	0.49245534905578864	715057.5330661322	0	0.00595977203218484
scaffold_3	0.48977954254692013	0.480768448285966	897337.6432865731	0	0.009011094260954144
scaffold_3	0.4890735371261745	0.47015126827023757	1090917.2905811623	0	0.018922268855936952
scaffold_3	0.49041214560854995	0.48499627634543657	1252319.1763527053	0	0.005415869263113382
scaffold_3	0.49910818614610436	0.48875678452534355	1397979.8156312625	0	0.010351401620760814
scaffold_3	0.5001145407946387	0.4950739460962193	1559647.2244488979	0	0.005040594698419387
scaffold_3	0.4937753382247748	0.4927425424195254	1733118.1663326654	0	0.001032795805249398
scaffold_3	0.4911863968325667	0.4791012673993227	1947538.877755511	0	0.012085129433244024
scaffold_3	0.4818750589182742	0.4786928112655866	2148217.0641282564	0	0.0031822476526875976
scaffold_3	0.4933677046215031	0.4786539223873756	2314305.9659318635	0	0.014713782234127504
scaffold_3	0.49689481464724045	0.4984460147065238	2507197.3146292586	0	-0.0015512000592833308
scaffold_3	0.49583239736145823	0.48194626343513913	2736484.7074148296	0	0.0138861339263191
scaffold_3	0.4944491976212064	0.4843132045952573	2911417.084168337	0	0.010135993025949142
scaffold_3	0.5038754289404156	0.48762976172415207	3099638.0801603207	0	0.016245667216263526
scaffold_3	0.4894058559488999	0.49826324698209395	3250760.8396793585	0	-0.00885739103319405
scaffold_3	0.48046041417768215	0.48456288060792335	3377628.9659318635	0	-0.004102466430241203
scaffold_3	0.49242016430416524	0.47964889329057575	3508862.8196392786	0	0.012771271013589491
scaffold_3	0.5028889024668708	0.48975096912900895	3723259.649298597	0	0.01313793333786184
scaffold_3	0.4920495056540123	0.47632431652435325	3905138.6833667336	0	0.015725189129659034
scaffold_3	0.491741477294749	0.4927084683967924	4090423.0741482964	0	-0.0009669911020434019
scaffold_3	0.49226833037822515	0.4809025800700247	4264529.951903808	0	0.011365750308200473
scaffold_3	0.5059232342087573	0.49525630791549224	4450687.012024048	0	0.010666926293265044
scaffold_3	0.4961443539366919	0.47933508361603666	4605571.919839679	0	0.016809270320655212
scaffold_3	0.4935743518566149	0.49187615470608825	4786819.108216433	0	0.001698197150526659
scaffold_3	0.5029070885237149	0.4969828439121224	4964466.7715430865	0	0.005924244611592522
scaffold_3	0.5049404053692617	0.5062433703577034	5098992.797595191	0	-0.001302964988441735
scaffold_3	0.49004938857515384	0.48935430176356876	5247988.625250501	0	0.0006950868115850883
scaffold_3	0.5025701528843228	0.4843790620961252	5418551.503006012	0	0.01819109078819764
scaffold_3	0.4947348409956931	0.48670316306557004	5593447.386773547	0	0.008031677930123049
scaffold_3	0.492802738634251	0.48488272986646336	5769496.496993988	0	0.007920008767787645
scaffold_3	0.5007780211093071	0.5021568992973474	5932270.601202405	0	-0.0013788781880402778
scaffold_3	0.48538320246606925	0.4740406709858408	6116903.216432866	0	0.011342531480228457
scaffold_3	0.4984334279666947	0.48772886444841856	6276075.935871744	0	0.010704563518276144
scaffold_3	0.5029960985844532	0.5012880516279091	6448827.334669339	0	0.0017080469565440293
scaffold_3	0.4927687706386563	0.4820845722318984	6637496.016032064	0	0.010684198406757939
scaffold_3	0.50082578373063	0.5102435672288732	6804232.154308617	0	-0.009417783498243182
scaffold_3	0.492742743372368	0.4866895209713449	6997119.831663326	0	0.006053222401023128
scaffold_3	0.4939197212621789	0.4816580290400929	7228563.813627254	0	0.012261692222086007
scaffold_3	0.4940319299577272	0.4724743147681961	7381491.25250501	0	0.021557615189531087
scaffold_3	0.5007023133767114	0.49462021605169126	7539634.448897796	0	0.006082097325020186
scaffold_3	0.4813115773045026	0.48305212598492187	7707989.851703407	0	-0.001740548680419285
scaffold_3	0.4946919700202311	0.48596637721956293	7895232.749498998	0	0.008725592800668147
scaffold_3	0.4899677155038479	0.49143334547381096	8074984.258517034	0	-0.0014656299699630781
scaffold_3	0.49786234630549403	0.4907887533157383	8253083.314629259	0	0.007073592989755739
scaffold_3	0.4840594812418609	0.4832986720324944	8422331.731462926	0	0.0007608092093664975
scaffold_3	0.5030075810848604	0.48238444441355377	8577015.058116233	0	0.020623136671306663
scaffold_3	0.5088868339922046	0.5011011843611533	8793422.398797596	0	0.007785649631051328
scaffold_3	0.49456489123187297	0.4739957110550729	9019205.462925851	0	0.020569180176800095
scaffold_3	0.49444809239654863	0.48609772306967325	9228625.188376753	0	0.008350369326875384
scaffold_3	0.5022747837813827	0.4981494603089196	9413222.106212424	0	0.004125323472463083
scaffold_3	0.48211550726595204	0.47845505735626226	9589399.749498999	0	0.003660449909689778
scaffold_3	0.5123797048375797	0.5079867005558836	9873698.324649299	0	0.004393004281696089
scaffold_3	0.4914161263797391	0.4906208735249122	10128780.264529059	0	0.0007952528548269
scaffold_3	0.5033231588135194	0.4910003851839466	10440809.44488978	0	0.012322773629572792
scaffold_3	0.4882456425029042	0.49860124779867177	10754117.074148297	0	-0.010355605295767567
scaffold_3	0.4995999811630465	0.5013721690195926	11146378.623246493	0	-0.0017721878565460925
scaffold_3	0.5071637504373828	0.5069118262414716	11577088.911823647	0	0.00025192419591124615
scaffold_3	0.4938769888087126	0.48003662637823397	12028707.68737475	0	0.013840362430478648
scaffold_3	0.48833918402365	0.4924423578626477	12768082.965931864	0	-0.004103173838997665
scaffold_3	0.4940477868297213	0.4944479802230456	13488135.533066133	0	-0.0004001933933243107
scaffold_3	0.509103192663349	0.4991597300370933	14017749.583166333	0	0.009943462626255728
scaffold_3	0.5016444510474746	0.5044660592367008	14674976.903807616	0	-0.0028216081892262768
scaffold_3	0.49467707263954686	0.5012460629640277	16252511.903807616	0	-0.006568990324480883
scaffold_3	0.494981103201559	0.50882648354382	18251508.15230461	0	-0.01384538034226096
scaffold_3	0.4929966608090581	0.5008353409221665	18808376.853707414	0	-0.007838680113108454
scaffold_3	0.48790643870033895	0.5035358348714664	19445411.094188377	0	-0.015629396171127408
scaffold_3	0.5093873233640154	0.49523014339179783	19890859.460921843	0	0.014157179972217548
scaffold_3	0.499241201356334	0.5022358981054406	20412911.336673345	0	-0.0029946967491065735
scaffold_3	0.4960945312342269	0.505038756279579	20733389.97194389	0	-0.008944225045352028
scaffold_3	0.49353597221743695	0.4944260851991757	21038136.711422846	0	-0.0008901129817387443
scaffold_3	0.4998280954750497	0.5040587314350539	21419074.388777554	0	-0.00423063596000417
scaffold_3	0.49173087955230466	0.5069936056495953	21793426.791583166	0	-0.015262726097290624
scaffold_3	0.49892394666271483	0.5111181322309555	22049114.34468938	0	-0.012194185568240645
scaffold_3	0.49971127892315065	0.49697020500007566	22282405.883767534	0	0.002741073923074988
scaffold_3	0.4905097908437888	0.497034770019798	22631271.51703407	0	-0.0065249791760091935
scaffold_3	0.498015510644752	0.5078337635528984	23009376.43286573	0	-0.009818252908146419
scaffold_3	0.49910978696563574	0.5160167208662739	23425810.529058117	0	-0.016906933900638188
scaffold_3	0.4924858126918052	0.5034398923203877	23753647.250501003	0	-0.01095407962858247
scaffold_3	0.4996525591147552	0.4965246420467581	24005793.41282565	0	0.003127917067997088
scaffold_3	0.4640207500555474	0.4075418078602723	24324145.913043477	0	0.056478942195275106
scaffold_4	0.49693432562631934	0.5251617335870894	170985.48096192384	0	-0.028227407960770057
scaffold_4	0.4875781800660005	0.5244701597878323	363701.1643286573	0	-0.03689197972183178
scaffold_4	0.4984221729771784	0.5200744697266889	626139.3687374749	0	-0.021652296749510525
scaffold_4	0.4937649076080538	0.5187826451103857	952049.2805611222	0	-0.025017737502331938
scaffold_4	0.4850325646060243	0.5191964217280988	1203285.6132264528	0	-0.03416385712207448
scaffold_4	0.49731614176837907	0.5206023255559881	1648234.4328657314	0	-0.023286183787608994
scaffold_4	0.49002121828919576	0.5324028188377592	1975531.7254509018	0	-0.042381600548563436
scaffold_4	0.49445067834158135	0.5485627237502391	2471276.0901803607	0	-0.054112045408657716
scaffold_4	0.508315542786399	0.5458847699607653	2978022.4428857714	0	-0.03756922717436628
scaffold_4	0.48334976605362845	0.5329793629066073	3525464.124248497	0	-0.04962959685297885
scaffold_4	0.5078164557584836	0.5583262012262605	3984619.4488977958	0	-0.05050974546777698
scaffold_4	0.49085357741036983	0.5474683586069562	4595983.0	0	-0.05661478119658636
scaffold_4	0.48732654785446866	0.5360685569315945	5260818.951903808	0	-0.048742009077125836
scaffold_4	0.5002764237566195	0.5615090001612657	5873521.052104209	0	-0.06123257640464619
scaffold_4	0.5046014937531398	0.5449871701770505	6403124.501002004	0	-0.040385676423910666
scaffold_4	0.4930744535001123	0.5486353556850181	8278111.539078156	0	-0.05556090218490578
scaffold_4	0.49669505555056326	0.5527589990409884	10105256.032064129	0	-0.056063943490425094
scaffold_4	0.4901371264022775	0.5479402205486903	10559606.567134269	0	-0.05780309414641277
scaffold_4	0.47385585137376557	0.5510220277292657	11157268.318637274	0	-0.0771661763555001
scaffold_4	0.5066342599645529	0.5732347363106776	11626745.152304608	0	-0.06660047634612465
scaffold_4	0.5066477273455624	0.5731004007782096	11955222.975951904	0	-0.06645267343264716
scaffold_4	0.49855966090263165	0.563505737506327	12305219.33266533	0	-0.06494607660369539
scaffold_4	0.49921722619923087	0.5845931000284891	12800999.360721443	0	-0.08537587382925821
scaffold_4	0.49506841682533376	0.5705906536559964	13158140.362725452	0	-0.07552223683066261
scaffold_4	0.4857682796628512	0.5649094528110057	13584935.0	0	-0.0791411731481545
scaffold_4	0.50346528198897	0.585655973891448	13954203.661322646	0	-0.08219069190247796
scaffold_4	0.4966627156083903	0.5872312057223973	14263914.316633267	0	-0.09056849011400697
scaffold_4	0.49353802712799344	0.5836041370213183	14536705.426853707	0	-0.09006610989332486
scaffold_4	0.49279808025190125	0.5677931022265895	14823826.450901804	0	-0.07499502197468827
scaffold_4	0.506723039605408	0.5878052272721098	15016529.547094189	0	-0.08108218766670183
scaffold_4	0.4783189569638882	0.5634829681632363	15216054.21242485	0	-0.08516401119934808
scaffold_4	0.4949428929044783	0.5771547852077968	15408382.146292586	0	-0.08221189230331855
scaffold_4	0.4908116477704467	0.5882706477918468	15594227.350701403	0	-0.09745900002140007
scaffold_4	0.506113618148065	0.5938444502126238	15802513.739478959	0	-0.08773083206455878
scaffold_4	0.4925342487649265	0.5838657850676016	15952263.98997996	0	-0.09133153630267504
scaffold_4	0.49169382860063565	0.5642613223747713	16118204.160320641	0	-0.07256749377413568
scaffold_4	0.4860334625396609	0.5708420275409093	16306362.196392786	0	-0.08480856500124839
scaffold_4	0.4954448423331771	0.5738279842633673	16498164.855711423	0	-0.07838314193019025
scaffold_4	0.49883643485762885	0.5815321528107734	16668324.953907816	0	-0.08269571795314457
scaffold_4	0.5006575012029398	0.5901271109148165	16866124.52705411	0	-0.08946960971187667
scaffold_4	0.5020657527038906	0.5741946128377662	17031266.86973948	0	-0.07212886013387554
scaffold_4	0.5055086869728661	0.5808921266220529	17257718.681362726	0	-0.07538343964918681
scaffold_4	0.49458784356221314	0.5591427217826673	17454712.60721443	0	-0.06455487822045419
scaffold_4	0.48580984698043017	0.574642001679346	17639462.13026052	0	-0.08883215469891581
scaffold_4	0.5087705622104958	0.5742530406462427	17881534.689378757	0	-0.06548247843574695
scaffold_4	0.4811962045344548	0.5625353672307707	18312679.539078157	0	-0.08133916269631591
scaffold_4	0.5008241051901641	0.5656571922136356	18542757.04008016	0	-0.06483308702347157
scaffold_4	0.4972983640876078	0.5612489336595412	18767545.450901803	0	-0.0639505695719334
scaffold_4	0.49899010987878256	0.5784430109873425	18988880.511022042	0	-0.07945290110855996
scaffold_4	0.4870771760296635	0.5735084822065025	19226779.388777554	0	-0.08643130617683903
scaffold_4	0.49391333904773554	0.5588974336217106	19439624.61723447	0	-0.06498409457397508
scaffold_4	0.430827714297886	0.5461157514283985	19688063.613226455	0	-0.1152880371305125
scaffold_4	0.38501031778020595	0.571980052527329	19867413.589178357	0	-0.18696973474712303
scaffold_4	0.4904782683599833	0.5509081439770841	20041809.43286573	0	-0.06042987561710078
scaffold_4	0.49374272884599374	0.5534590811836593	20231950.83967936	0	-0.059716352337665535
scaffold_4	0.4858880572991481	0.5421005177136389	20494051.398797594	0	-0.056212460414490795
scaffold_4	0.4948420554119307	0.5552888325581606	20640189.825651303	0	-0.060446777146229924
scaffold_4	0.5158613818363262	0.5712635528842799	20832690.09819639	0	-0.05540217104795364
scaffold_4	0.5056413694993542	0.5696690073609155	20989704.270541083	0	-0.06402763786156129
scaffold_4	0.47971923651445414	0.535990695831942	21165568.09218437	0	-0.05627145931748789
scaffold_4	0.509211786552589	0.5650408087281894	21369126.98196393	0	-0.055829022175600374
scaffold_4	0.49451051401159063	0.536828393940154	21587397.134268537	0	-0.042317879928563396
scaffold_4	0.49581734445996223	0.5578670836928896	21778659.08216433	0	-0.06204973923292739
scaffold_4	0.5024348183859341	0.5594650307540888	21965905.95991984	0	-0.057030212368154753
scaffold_4	0.49521171174254597	0.5354306369101541	22153435.769539077	0	-0.040218925167608166
scaffold_4	0.490694941422707	0.5507969135614437	22318194.609218437	0	-0.06010197213873669
scaffold_4	0.5048848584941875	0.5441691746440137	22479087.290581163	0	-0.03928431614982619
scaffold_4	0.4956113228359513	0.5554547627397892	22660324.288577154	0	-0.05984343990383795
scaffold_4	0.49040987849425777	0.5431063767345965	22872619.13226453	0	-0.05269649824033873
scaffold_4	0.5055045188471419	0.5578879074439309	23040986.90781563	0	-0.05238338859678904
scaffold_4	0.49572925319623706	0.5591069882009242	23205066.06012024	0	-0.06337773500468713
scaffold_4	0.508751741634515	0.561436570068547	23314557.747252747	0	-0.052684828434031994
scaffold_5	0.48948965569235875	0.39675251152379026	178108.60521042085	0	0.09273714416856849
scaffold_5	0.500263134682348	0.41423882488832947	439802.86773547094	0	0.08602430979401848
scaffold_5	0.49240583717551406	0.3949759100790631	723877.0521042084	0	0.09742992709645099
scaffold_5	0.4820047019523141	0.3877298594228731	1199864.4729458918	0	0.09427484252944102
scaffold_5	0.4872887142610492	0.39900322137805483	1720990.5270541082	0	0.08828549288299437
scaffold_5	0.49197292653430325	0.39019465417196864	2052117.0440881765	0	0.10177827236233461
scaffold_5	0.5002525931277918	0.38875300023079434	2408401.344689379	0	0.11149959289699746
scaffold_5	0.49485979769101635	0.3819294917841646	2709191.2064128257	0	0.11293030590685177
scaffold_5	0.509782981041021	0.4055573697352299	2995302.0260521043	0	0.10422561130579117
scaffold_5	0.4845316016771361	0.38126050912214665	3243845.9318637275	0	0.10327109255498945
scaffold_5	0.4966583830026253	0.38916421590821704	3645766.4569138275	0	0.10749416709440829
scaffold_5	0.4993760693741965	0.3789174278400682	4058846.248496994	0	0.12045864153412827
scaffold_5	0.49396222355754393	0.37263986449859454	4423975.174348697	0	0.12132235905894939
scaffold_5	0.48219672774436684	0.35382281600469817	4885965.665330661	0	0.12837391173966867
scaffold_5	0.4874678162527433	0.3629865959411575	5415082.557114229	0	0.12448122031158582
scaffold_5	0.4989149273062164	0.373211198041878	6282790.128256513	0	0.12570372926433837
scaffold_5	0.5113843700062678	0.3983620619599488	8456600.25250501	0	0.11302230804631902
scaffold_5	0.49848011056764746	0.3936815036122619	10040419.338677354	0	0.10479860695538556
scaffold_5	0.4952789476321937	0.3830168505472517	10432922.843687374	0	0.112262097084942
scaffold_5	0.4963266763076542	0.39279299877018403	10954922.761523046	0	0.10353367753747017
scaffold_5	0.4837254605915734	0.37733151763280104	11548656.531062124	0	0.10639394295877236
scaffold_5	0.4914610453426526	0.3879537776365051	11917340.472945891	0	0.10350726770614749
scaffold_5	0.49709623989106333	0.4064575725311173	12219476.354709418	0	0.09063866735994602
scaffold_5	0.4987118112400304	0.40261675432750704	12629742.653306613	0	0.09609505691252335
scaffold_5	0.47893080711476205	0.4025470195577482	12971474.4248497	0	0.07638378755701386
scaffold_5	0.47889441075385025	0.40956746314728576	13280842.511022044	0	0.06932694760656449
scaffold_5	0.48575603719422955	0.4132332303207646	13593483.438877756	0	0.07252280687346496
scaffold_5	0.5094352493188099	0.4249138097434987	13795087.398797596	0	0.08452143957531122
scaffold_5	0.49793064825481104	0.4139164075256705	14009168.795591183	0	0.08401424072914054
scaffold_5	0.4916717921960046	0.4315573122005178	14391977.683366733	0	0.0601144799954868
scaffold_5	0.49463346635431144	0.4268436137917427	14727701.366733467	0	0.06778985256256875
scaffold_5	0.49557881768881756	0.43566404029050293	14997550.699398797	0	0.059914777398314634
scaffold_5	0.5099775406807359	0.4541600679545616	15213251.581162324	0	0.055817472726174266
scaffold_5	0.5085142747289341	0.4426515529329425	15478500.895791583	0	0.06586272179599156
scaffold_5	0.4839524522598642	0.45596125850085106	15640306.863727454	0	0.027991193759013155
scaffold_5	0.4985464157460588	0.44955710511089253	15844853.244488979	0	0.04898931063516626
scaffold_5	0.4977286127948722	0.45802423937868075	16006725.553106213	0	0.03970437341619143
scaffold_5	0.49270648758676555	0.43452442393997454	16210408.114228457	0	0.058182063646791016
scaffold_5	0.5003195212658001	0.4363624151739414	16396694.665330661	0	0.06395710609185873
scaffold_5	0.4907946796242591	0.4524773506380431	16528678.819639279	0	0.03831732898621598
scaffold_5	0.5049047353141305	0.4596002221117495	16687765.903807616	0	0.04530451320238099
scaffold_5	0.5045788876337276	0.46898453622669484	16844575.16032064	0	0.035594351407032765
scaffold_5	0.5035859598691573	0.446811465718955	16992658.731462926	0	0.056774494150202304
scaffold_5	0.49636380217936926	0.45058466103790135	17140211.783567134	0	0.045779141141467916
scaffold_5	0.4987131201241905	0.45465460266679797	17293973.378757514	0	0.04405851745739253
scaffold_5	0.49380712455543657	0.4633701352817456	17466572.398797594	0	0.030436989273690984
scaffold_5	0.49840723244225166	0.4513600378275266	17626573.39278557	0	0.04704719461472506
scaffold_5	0.46364127549139744	0.43543153123536416	17805419.935871743	0	0.028209744256033287
scaffold_5	0.4901714237710908	0.46081581444263814	17991490.84769539	0	0.02935560932845266
scaffold_5	0.470577714298636	0.4446603936911327	18203542.146292586	0	0.02591732060750329
scaffold_5	0.49517592817634404	0.44994907361976155	18388612.190380763	0	0.045226854556582485
scaffold_5	0.4977279473721288	0.4522899876591488	18565705.90781563	0	0.04543795971297998
scaffold_5	0.5059809482456623	0.46436380828481433	18750625.388777554	0	0.04161713996084798
scaffold_5	0.49360832224677853	0.4612045599977641	18940951.01002004	0	0.03240376224901442
scaffold_5	0.4999469090337925	0.4547627981078697	19085463.833667334	0	0.04518411092592284
scaffold_5	0.4972388976928406	0.44184593271286865	19264975.04008016	0	0.055392964979971926
scaffold_5	0.4859612666501599	0.45583710571288205	19504093.861723445	0	0.030124160937277822
scaffold_5	0.49672107218485223	0.47235401670731597	19721664.46292585	0	0.02436705547753626
scaffold_5	0.49395442959638874	0.4441999174644426	19937011.729458917	0	0.04975451213194615
scaffold_5	0.47905658337815177	0.454333319693726	20110699.376753505	0	0.02472326368442579
scaffold_5	0.5023606871658819	0.4565711846222675	20301353.0501002	0	0.04578950254361441
scaffold_5	0.5011373299565416	0.46633346729007175	20538906.689378757	0	0.03480386266646984
scaffold_5	0.48384606693662485	0.4551461160652226	20770284.370741483	0	0.028699950871402258
scaffold_5	0.4918897278458005	0.46797711510377954	20943717.705410823	0	0.023912612742020944
scaffold_5	0.4938771900195341	0.46225693779170896	21091637.55511022	0	0.03162025222782516
scaffold_5	0.5113198030567069	0.47140186980831505	21191664.6627451	0	0.039917933248391824
scaffold_6	0.500566134216639	0.5093281314566248	76825.83567134269	0	-0.00876199723998583
scaffold_6	0.4871972894890943	0.498571006318635	221055.79759519038	0	-0.011373716829540692
scaffold_6	0.49370891282781904	0.501404817021916	398949.4108216433	0	-0.007695904194096936
scaffold_6	0.5046672789527077	0.5008668411575622	604679.3326653306	0	0.003800437795145495
scaffold_6	0.5060697608526503	0.5028270076865512	785589.7114228457	0	0.0032427531660991216
scaffold_6	0.4943107017523438	0.4932979054383061	968087.5711422845	0	0.0010127963140377227
scaffold_6	0.4995872528451917	0.5189549204838572	1159888.2344689379	0	-0.019367667638665487
scaffold_6	0.4957048027194945	0.49929333766622447	1338476.3106212425	0	-0.0035885349467299488
scaffold_6	0.50164489751483	0.5036311684163385	1558515.635270541	0	-0.001986270901508491
scaffold_6	0.4935365126338052	0.5099170368863607	1783367.8196392786	0	-0.016380524252555484
scaffold_6	0.49453086976683513	0.4921031912940444	2004931.9779559118	0	0.0024276784727907397
scaffold_6	0.5081357821668071	0.5085641668326085	2161733.4048096193	0	-0.0004283846658014179
scaffold_6	0.4943726843801937	0.4981451421031246	2341237.6833667336	0	-0.0037724577229308887
scaffold_6	0.4980614651842789	0.5088949801790624	2502285.639278557	0	-0.010833514994783522
scaffold_6	0.4872922392922939	0.4986467730833492	2654073.7134268535	0	-0.011354533791055277
scaffold_6	0.49371880132966317	0.5028654278405544	2825856.2184368735	0	-0.009146626510891265
scaffold_6	0.49017379929245114	0.5010014003107885	2985644.498997996	0	-0.010827601018337407
scaffold_6	0.5068947355877125	0.5050658751809983	3151449.9398797597	0	0.00182886040671415
scaffold_6	0.49906277927741377	0.49781305245579216	3394519.126252505	0	0.0012497268216216106
scaffold_6	0.4904964861200917	0.4893133991437215	3680963.0621242486	0	0.0011830869763702068
scaffold_6	0.48505493771997243	0.5002563903582783	3839987.024048096	0	-0.015201452638305857
scaffold_6	0.4888316796962432	0.491122193306989	4007653.7174348696	0	-0.0022905136107457813
scaffold_6	0.4957760741031475	0.5087775900112319	4175014.2044088175	0	-0.013001515908084404
scaffold_6	0.49636954188177695	0.4953262534414546	4317942.406813627	0	0.0010432884403223652
scaffold_6	0.4874601101166655	0.48356991139093625	4462243.0	0	0.003890198725729266
scaffold_6	0.48532595711129584	0.4893669368373137	4630619.551102204	0	-0.004040979726017857
scaffold_6	0.5009044269869064	0.5074072508750584	4817834.190380761	0	-0.006502823888152043
scaffold_6	0.49969994884605623	0.5051584888922195	4965799.318637274	0	-0.005458540046163252
scaffold_6	0.49610987732260625	0.4880692231343078	5169378.503006012	0	0.008040654188298468
scaffold_6	0.4912211536497699	0.5055056468175808	5327482.561122244	0	-0.014284493167810886
scaffold_6	0.4937080383830756	0.509399328308742	5458301.406813627	0	-0.01569128992566643
scaffold_6	0.4929939144160395	0.48829729075330036	5587058.987975952	0	0.004696623662739152
scaffold_6	0.48603887004461727	0.47203312729508284	5749152.891783567	0	0.014005742749534422
scaffold_6	0.5042768777461034	0.49199196776402315	5900235.310621242	0	0.012284909982080261
scaffold_6	0.49929466021677743	0.5048732251602747	6076340.3446893785	0	-0.005578564943497233
scaffold_6	0.49587346530240134	0.515925812878589	6231916.925851704	0	-0.020052347576187624
scaffold_6	0.4987582816823745	0.5043033349532622	6371828.931863727	0	-0.005545053270887668
scaffold_6	0.4971588518794713	0.488017105162252	6512924.589178356	0	0.00914174671721929
scaffold_6	0.4948534533611839	0.5024068290871547	6658106.006012024	0	-0.007553375725970812
scaffold_6	0.5061409624642211	0.4954811439886795	6824380.446893788	0	0.01065981847554165
scaffold_6	0.49844588161817965	0.5000616958933998	6967927.903807615	0	-0.0016158142752201177
scaffold_6	0.5073226012385853	0.49898977850328047	7181794.725450902	0	0.008332822735304835
scaffold_6	0.4978495791216836	0.5112100728160452	7358240.244488978	0	-0.013360493694361653
scaffold_6	0.4967565902076216	0.4996480528016582	7592650.823647294	0	-0.002891462594036609
scaffold_6	0.5009571891223877	0.5147583328136632	7745605.847695391	0	-0.013801143691275497
scaffold_6	0.4944247156081435	0.5036632275419629	7897276.987975952	0	-0.009238511933819415
scaffold_6	0.5008789115169086	0.5092184785671678	8111197.559118236	0	-0.008339567050259289
scaffold_6	0.49459508748307757	0.5106235752489368	8272202.294589179	0	-0.01602848776585919
scaffold_6	0.5065668254981203	0.49063756831991906	8436564.100200402	0	0.015929257178201206
scaffold_6	0.49194976138136326	0.4959227630936112	8605058.733466934	0	-0.003973001712247959
scaffold_6	0.49872797992722534	0.493124483951319	8781346.513026051	0	0.005603495975906314
scaffold_6	0.49044253972542284	0.4882324154563906	8962024.400801603	0	0.002210124269032221
scaffold_6	0.4950425616914497	0.4890793183421975	9205913.286573146	0	0.005963243349252245
scaffold_6	0.47778647460177665	0.48791282956776216	9428316.91983968	0	-0.010126354965985518
scaffold_6	0.4974782081826576	0.4911107228143607	9647935.244488979	0	0.006367485368296899
scaffold_6	0.5024928408500023	0.5044253751119406	9897528.641282566	0	-0.0019325342619382901
scaffold_6	0.4998835219897491	0.5090456479450448	10095072.122244488	0	-0.009162125955295697
scaffold_6	0.49475283250973906	0.49822322441891453	10370803.214428857	0	-0.0034703919091754742
scaffold_6	0.5028402719764032	0.5059420232136257	10653396.849699399	0	-0.00310175123722245
scaffold_6	0.4954612139886754	0.489852378360014	10950889.394789578	0	0.005608835628661379
scaffold_6	0.4688531650353366	0.4920295545273576	11233931.382765532	0	-0.023176389492021
scaffold_6	0.4898836897613932	0.49364317145537023	11488647.721442886	0	-0.0037594816939770515
scaffold_6	0.47213856746226945	0.4681636485947689	11808400.452905811	0	0.003974918867500565
scaffold_6	0.4992094151853122	0.49495140917392877	12152389.769539079	0	0.004258006011383431
scaffold_6	0.4855894445446281	0.5000560342848427	12539459.901803607	0	-0.014466589740214586
scaffold_6	0.48798954391850663	0.48345936997255634	12906952.963927856	0	0.004530173945950289
scaffold_6	0.4895896791956859	0.49755613451142133	13548794.773547094	0	-0.007966455315735421
scaffold_6	0.5004066020469745	0.5054636722266719	15244471.394789578	0	-0.005057070179697365
scaffold_6	0.4913040876545432	0.4904837062279244	17935455.348697394	0	0.000820381426618777
scaffold_6	0.5042873004042339	0.49824676954533764	18597924.671342686	0	0.00604053085889622
scaffold_6	0.4916905616054319	0.5051947628037382	19182114.370741483	0	-0.01350420119830631
scaffold_6	0.4873242025523442	0.49467739040608877	19790863.903807614	0	-0.007353187853744558
scaffold_6	0.4915373235665063	0.4997212539930917	20302644.973947898	0	-0.008183930426585384
scaffold_6	0.49234854351911717	0.5056712322380352	20678929.58517034	0	-0.013322688718918063
scaffold_6	0.49263507778974186	0.5000691397800164	21144431.4749499	0	-0.007434061990274576
scaffold_6	0.4816834509842639	0.48674878622211254	21555372.42284569	0	-0.005065335237848634
scaffold_6	0.4983731248005481	0.5017978425373386	21965810.97995992	0	-0.003424717736790539
scaffold_6	0.489750699930328	0.47974555577149414	22313059.749498997	0	0.010005144158833856
scaffold_6	0.49764103821814637	0.5084384302835313	22541433.791583166	0	-0.010797392065384936
scaffold_6	0.48828965608713	0.49434054396213495	22827436.853707414	0	-0.006050887875004962
scaffold_6	0.5058417845833202	0.49498215834158676	23135893.589178357	0	0.010859626241733422
scaffold_6	0.48830553904137475	0.5060329190073103	23327753.178356715	0	-0.01772737996593554
scaffold_6	0.49159361858272616	0.4983731939144963	23557677.21242485	0	-0.006779575331770149
scaffold_6	0.4876220564613074	0.49764161315116223	23743881.41282565	0	-0.010019556689854825
scaffold_6	0.4899411464837029	0.4884505395198739	23980722.58517034	0	0.001490606963829022
scaffold_6	0.4926877606138486	0.49803434392748613	24304014.659318637	0	-0.005346583313637521
scaffold_6	0.5001125398757857	0.5099563554427702	24546381.789579157	0	-0.009843815566984437
scaffold_6	0.49559471582953274	0.5142482969702566	24734366.11222445	0	-0.018653581140723907
scaffold_6	0.4972359135783596	0.5116223377181347	24939069.83967936	0	-0.01438642413977509
scaffold_6	0.4520550815031905	0.4614454556312833	25078075.31395349	0	-0.009390374128092793
scaffold_7	0.4879011889848612	0.4910918615622496	123408.36472945892	0	-0.0031906725773884204
scaffold_7	0.4962052508308421	0.5133618544936873	275065.3126252505	0	-0.017156603662845216
scaffold_7	0.4972662831000805	0.5130346119351552	449274.6392785571	0	-0.01576832883507473
scaffold_7	0.49047785932126553	0.4989554648485861	615705.2164328657	0	-0.008477605527320575
scaffold_7	0.4842367796843312	0.4980988274944665	838730.3026052105	0	-0.01386204781013528
scaffold_7	0.48710704293949525	0.5095066138095318	1051504.511022044	0	-0.022399570870036523
scaffold_7	0.5024370101326204	0.4994836392083316	1257154.1583166332	0	0.002953370924288823
scaffold_7	0.4739870691344154	0.4966027576291878	1482594.8036072145	0	-0.022615688494772412
scaffold_7	0.48908676138324025	0.5122893712538	1665850.5410821643	0	-0.023202609870559776
scaffold_7	0.4971865024961917	0.499240892371196	1847360.6853707414	0	-0.0020543898750043366
scaffold_7	0.5092048039739935	0.5225559888406233	2062980.5851703407	0	-0.013351184866629784
scaffold_7	0.4959531530827042	0.5015232652821291	2253969.873747495	0	-0.0055701121994248814
scaffold_7	0.49738261515398746	0.510079812261151	2460421.256513026	0	-0.012697197107163494
scaffold_7	0.4908802786530666	0.521482501075051	2634436.6813627253	0	-0.030602222421984404
scaffold_7	0.494294709393704	0.5030659880123264	2788865.589178357	0	-0.008771278618622369
scaffold_7	0.4902603606496785	0.49733974392762675	2931423.9879759517	0	-0.00707938327794827
scaffold_7	0.5047600530860703	0.5117972474069288	3138358.5250501004	0	-0.007037194320858475
scaffold_7	0.4944842836627271	0.5086794029203462	3306140.7314629257	0	-0.014195119257619071
scaffold_7	0.4822373504512929	0.4949162715817517	3492561.0961923846	0	-0.01267892113045882
scaffold_7	0.4992810718975927	0.5043797247447734	3651300.234468938	0	-0.005098652847180751
scaffold_7	0.5036248554306233	0.49174516535806184	3807643.4228456914	0	0.011879690072561455
scaffold_7	0.48850690413583564	0.4869049979151096	3979584.8336673346	0	0.0016019062207260348
scaffold_7	0.49940341741718913	0.5074438866621341	4160764.3006012025	0	-0.008040469244945003
scaffold_7	0.49326737323783143	0.48719572411515943	4372281.679358717	0	0.006071649122671996
scaffold_7	0.503569225473822	0.5051526749543988	4515183.3547094185	0	-0.0015834494805767596
scaffold_7	0.48994232432935036	0.5072010412849871	4673394.795591182	0	-0.017258716955636744
scaffold_7	0.49534133097732164	0.5063646606281497	4863357.280561122	0	-0.011023329650828029
scaffold_7	0.492344775853859	0.5069105650083154	5046117.883767535	0	-0.014565789154456443
scaffold_7	0.49891539407326824	0.5159782804398297	5206426.110220441	0	-0.017062886366561503
scaffold_7	0.4879977617308343	0.491614187073851	5390330.9078156315	0	-0.003616425343016705
scaffold_7	0.5018059518089488	0.5254598781383824	5570706.625250501	0	-0.023653926329433528
scaffold_7	0.49847280626878504	0.5143133701551442	5735129.951903808	0	-0.015840563886359182
scaffold_7	0.4983625548202497	0.5213523412318669	5891549.002004008	0	-0.022989786411617197
scaffold_7	0.48826196571840164	0.5190795178770193	6099052.454909819	0	-0.0308175521586177
scaffold_7	0.504955013843857	0.521835275186366	6254093.743486974	0	-0.016880261342508973
scaffold_7	0.48969787165628575	0.510512239492861	6414615.657314629	0	-0.0208143678365752
scaffold_7	0.4945561261275841	0.5024776727768459	6555186.064128256	0	-0.007921546649261757
scaffold_7	0.4996267980883707	0.5079959669137223	6704987.174348697	0	-0.008369168825351603
scaffold_7	0.48886841402006265	0.5060173842626056	6889399.152304609	0	-0.017148970242542916
scaffold_7	0.5022352181421968	0.5115243837685053	7093764.130260521	0	-0.009289165626308438
scaffold_7	0.4976658512402905	0.4997315238685254	7269901.50501002	0	-0.0020656726282348714
scaffold_7	0.5053567664389784	0.5148447567208184	7442372.032064129	0	-0.009487990281839997
scaffold_7	0.49298030317209246	0.5067317356330546	7599109.304609219	0	-0.013751432460962165
scaffold_7	0.4969150261245527	0.5135618473803109	7764478.376753507	0	-0.01664682125575817
scaffold_7	0.5021857720951639	0.525358933176217	7915462.739478958	0	-0.02317316108105305
scaffold_7	0.4907851930128913	0.506290956042225	8114336.322645291	0	-0.015505763029333652
scaffold_7	0.5041535286307735	0.5073868763488687	8359595.917835671	0	-0.0032333477180952475
scaffold_7	0.5033665649081623	0.5032295207818336	8561069.342685372	0	0.00013704412632875584
scaffold_7	0.4868777710669748	0.5098564016538706	8859826.27254509	0	-0.02297863058689581
scaffold_7	0.4999010961181549	0.5078270034782751	9174963.95991984	0	-0.007925907360120221
scaffold_7	0.507673231300712	0.5252172553654842	9430574.386773547	0	-0.01754402406477229
scaffold_7	0.5008223878276287	0.5111475072642645	9576514.240480961	0	-0.010325119436635832
scaffold_7	0.4949672938694537	0.5064649099234682	9745121.509018036	0	-0.011497616054014448
scaffold_7	0.48948424628498105	0.5094652508763546	10066317.100200402	0	-0.019981004591373586
scaffold_7	0.4823079341911665	0.5010927673360457	10340967.43486974	0	-0.018784833144879165
scaffold_7	0.49110723782869486	0.5015423050625978	10614436.006012024	0	-0.010435067233902917
scaffold_7	0.4927842204708734	0.49662439862398156	10839510.362725452	0	-0.0038401781531081647
scaffold_7	0.5055146797502797	0.524960832036196	11054924.993987976	0	-0.019446152285916285
scaffold_7	0.5085769208803638	0.5022400988378588	11296312.93987976	0	0.006336822042504964
scaffold_7	0.4952199160078494	0.5046687464517724	11493259.288577154	0	-0.009448830443922973
scaffold_7	0.5031811796083099	0.5157722449292058	11694637.591182364	0	-0.012591065320895933
scaffold_7	0.49552694938740427	0.5006858472433343	12027085.849699399	0	-0.005158897855930045
scaffold_7	0.4916729427257992	0.4976510282232974	12299574.897795592	0	-0.005978085497498176
scaffold_7	0.48577258576863364	0.5044292028858935	12560837.581162324	0	-0.01865661711725991
scaffold_7	0.48750946370099363	0.5053439155575838	12867544.244488979	0	-0.017834451856590217
scaffold_7	0.4840742253242884	0.5082666934409507	13349085.773547094	0	-0.024192468116662258
scaffold_7	0.5007404432260589	0.5184550461254122	13695682.783567134	0	-0.017714602899353227
scaffold_7	0.4908195869385997	0.5102863222213779	14121518.224448897	0	-0.019466735282778258
scaffold_7	0.4901750539567152	0.49284376990231044	14460659.899799598	0	-0.002668715945595257
scaffold_7	0.5083326505157792	0.5058675630422911	15613800.08016032	0	0.00246508747348817
scaffold_7	0.49456804003096055	0.49118451775371863	17968911.224448897	0	0.0033835222772419238
scaffold_7	0.49141406307959024	0.49789440103160587	18327038.07014028	0	-0.006480337952015636
scaffold_7	0.49748178511232316	0.4840159713600304	18725709.9498998	0	0.013465813752292777
scaffold_7	0.49336281867994003	0.5110062535156248	19358785.853707414	0	-0.017643434835684757
scaffold_7	0.5018488780602911	0.5065066795038262	19958692.60721443	0	-0.0046578014435351145
scaffold_7	0.4959090738780111	0.4928490641781013	20571839.10220441	0	0.0030600096999097715
scaffold_7	0.4921536998358401	0.5002967318587814	21221395.04809619	0	-0.00814303202294131
scaffold_7	0.4957412225031252	0.498472053571901	21625650.0501002	0	-0.0027308310687758075
scaffold_7	0.49676301485763946	0.5065840058513293	21941752.811623245	0	-0.009820990993689882
scaffold_7	0.49881422299581585	0.511206144217647	22182756.733466934	0	-0.012391921221831137
scaffold_7	0.49181738156018756	0.5059494725483572	22532487.873747494	0	-0.014132090988169643
scaffold_7	0.49718976283882477	0.5097896351632549	23024820.64729459	0	-0.012599872324430161
scaffold_7	0.5038744284674717	0.49490459929127134	23413573.611222446	0	0.008969829176200317
scaffold_7	0.4907481039182428	0.5061070782676611	23873228.965931863	0	-0.015358974349418297
scaffold_7	0.49140338866795474	0.5124925564393276	24455071.186544344	0	-0.02108916777137282
scaffold_8	0.4939390607128754	0.4979466243116064	138896.8897795591	0	-0.004007563598731001
scaffold_8	0.5051168517968928	0.5034029253363049	444429.94388777553	0	0.001713926460587878
scaffold_8	0.4902617694029155	0.4961474460729134	732354.5891783567	0	-0.005885676669997897
scaffold_8	0.4948915524999478	0.502158283072621	1073130.126252505	0	-0.007266730572673186
scaffold_8	0.4790071137190603	0.5036690298222843	1392447.380761523	0	-0.024661916103224046
scaffold_8	0.4940996632257759	0.5046390416995096	1983296.0981963929	0	-0.010539378473733652
scaffold_8	0.5059416852649811	0.5101967204509675	2869921.1763527053	0	-0.004255035185986467
scaffold_8	0.507785763257529	0.5115534145953834	3499962.6713426854	0	-0.003767651337854394
scaffold_8	0.49581844539866593	0.4987802857122106	3833519.8296593186	0	-0.0029618403135446836
scaffold_8	0.5000346234624452	0.5123953971186348	4351088.376753507	0	-0.012360773656189594
scaffold_8	0.4740854540900032	0.4757288780634839	5346328.180360721	0	-0.0016434239734807177
scaffold_8	0.4853094295591034	0.4833265762421253	6241098.941883768	0	0.0019828533169780616
scaffold_8	0.5033063413343029	0.489429026735654	7583915.915831664	0	0.013877314598648827
scaffold_8	0.4889426287332514	0.4862349802758305	10801170.134268537	0	0.002707648457420886
scaffold_8	0.49770538344510806	0.5011448823748841	11768327.887775552	0	-0.0034394989297760192
scaffold_8	0.4887110928748875	0.5002502654248273	12400204.957915831	0	-0.011539172549939802
scaffold_8	0.4938140891833867	0.4989728284587221	12964035.941883767	0	-0.005158739275335389
scaffold_8	0.5011904796382646	0.4966527555711268	13330509.326653307	0	0.0045377240671377606
scaffold_8	0.48841590937459917	0.4996776669252003	13595863.699398797	0	-0.011261757550601159
scaffold_8	0.4885953664718412	0.49574001156235203	13839882.234468939	0	-0.007144645090510826
scaffold_8	0.5120810945875858	0.5091025261072867	14144175.845691383	0	0.002978568480299093
scaffold_8	0.5036714747465075	0.4993847422838679	14371839.803607214	0	0.004286732462639609
scaffold_8	0.5004093643203407	0.5051094923995286	14571216.338677354	0	-0.00470012807918796
scaffold_8	0.48707469032173434	0.4929924269592478	14802856.082164329	0	-0.005917736637513438
scaffold_8	0.4960177292825029	0.5020105559663086	15065813.923847696	0	-0.005992826683805741
scaffold_8	0.4948836218720023	0.5065452517037561	15302768.931863727	0	-0.011661629831753784
scaffold_8	0.48758352294902757	0.48063024987050784	15567664.104208417	0	0.006953273078519728
scaffold_8	0.4900666349865863	0.49880415235976583	15818813.709418837	0	-0.008737517373179515
scaffold_8	0.5072199995411739	0.5044953439043514	16147001.941883767	0	0.0027246556368225594
scaffold_8	0.4928297328673327	0.5008717366123261	16476613.190380761	0	-0.008042003744993365
scaffold_8	0.49782047377027355	0.49183045823812527	16762761.699398797	0	0.005990015532148285
scaffold_8	0.5044098566994308	0.49714393099065357	16948243.713426854	0	0.0072659257087772655
scaffold_8	0.5002484370375027	0.49105476485678984	17112628.811623245	0	0.00919367218071282
scaffold_8	0.4942058412257786	0.5010700276512028	17300223.551102206	0	-0.00686418642542419
scaffold_8	0.5070495942638461	0.49662973226136814	17531672.428857714	0	0.010419862002477964
scaffold_8	0.49590046896293155	0.5035294297283278	17773836.62725451	0	-0.007628960765396264
scaffold_8	0.4868199550276861	0.49488730978665507	17982850.026052102	0	-0.00806735475896897
scaffold_8	0.4987587643455266	0.49629134883385173	18215797.210420843	0	0.002467415511674842
scaffold_8	0.499422780425856	0.4987646195294293	18414907.12224449	0	0.0006581608964267294
scaffold_8	0.48476720893437014	0.49382641824598406	18626689.41683367	0	-0.009059209311613914
scaffold_8	0.4905598539675453	0.503186751228465	18876808.458917834	0	-0.0126268972609197
scaffold_8	0.4976520602364969	0.4913336839188564	19136308.190380763	0	0.006318376317640484
scaffold_8	0.5031073746229462	0.5026087989771725	19344948.368737474	0	0.0004985756457737134
scaffold_8	0.49934161877732636	0.5044219229874252	19539470.096192386	0	-0.005080304210098807
scaffold_8	0.49755527180664894	0.4943619144223617	19714603.0	0	0.003193357384287221
scaffold_8	0.5020660661103528	0.5033216201349802	19868348.174348697	0	-0.0012555540246274033
scaffold_8	0.5021902119759988	0.5055627550319988	20031162.6753507	0	-0.003372543055999988
scaffold_8	0.489068391586435	0.4966124423120281	20207031.01002004	0	-0.00754405072559311
scaffold_8	0.5008427031777524	0.5071243205115843	20356196.90781563	0	-0.006281617333831924
scaffold_8	0.48381279992376297	0.49124736662805973	20524440.016032062	0	-0.007434566704296763
scaffold_8	0.49016464628005385	0.4882921377067875	20736891.218436874	0	0.0018725085732663738
scaffold_8	0.4969006924866402	0.49988910937341335	20915766.87975952	0	-0.0029884168867731487
scaffold_8	0.4923238855230486	0.4995645245609399	21131527.539078157	0	-0.007240639037891294
scaffold_8	0.49539389814129925	0.4931650100218315	21337361.46292585	0	0.0022288881194677534
scaffold_8	0.4793515851922008	0.500673689677699	21558784.781563126	0	-0.021322104485498206
scaffold_8	0.49633395763631005	0.508677927661341	21729938.59519038	0	-0.01234397002503096
scaffold_8	0.5014906359730227	0.5042256085315335	21892606.669338677	0	-0.002734972558510851
scaffold_8	0.49760803921410107	0.50094371429423	22072852.22244489	0	-0.0033356750801289414
scaffold_8	0.4996939535258042	0.4986417064422597	22259178.69739479	0	0.0010522470835445108
scaffold_8	0.48691790071864144	0.4955657026412247	22435086.69739479	0	-0.008647801922583243
scaffold_8	0.4777882258449555	0.48398607385070286	22600096.761523046	0	-0.006197848005747353
scaffold_8	0.5021602439787902	0.49853661920243475	22775306.13226453	0	0.003623624776355472
scaffold_8	0.49853398389326786	0.49402198169244876	22913224.194139194	0	0.0045120022008190985
